$\alpha$,$\beta$,$\gamma$,$\delta$
0.8134231,0.02614321,0.84005845,0.08792534
0.8109887,0.02723087,0.8302474,0.086998634
0.81119376,0.026106305,0.8459841,0.09073918
0.8108388,0.025941415,0.84581816,0.090073094
0.79990935,0.025936497,0.84611326,0.088151485
0.82059944,0.02596603,0.84043884,0.08875208
0.8204243,0.02720169,0.83349687,0.08957344
0.82530296,0.028472519,0.8195804,0.08606988
0.8330883,0.027334966,0.82246333,0.086476
0.81210434,0.027210096,0.83771145,0.088817365
0.8099829,0.026027782,0.8448715,0.088645644
0.82455283,0.028490363,0.8255325,0.08853915
0.8147034,0.026544804,0.83866364,0.08804571
0.8314821,0.02881754,0.81217784,0.08437319
0.8150428,0.028096355,0.8307304,0.08795643
0.822885,0.025787896,0.83252794,0.087072924
0.81923854,0.025035769,0.8507377,0.09095581
0.8180941,0.026465982,0.83649004,0.08750359
0.8311734,0.02757975,0.8282898,0.08783884
0.79083025,0.026553482,0.851499,0.09030868
0.80319965,0.028419217,0.831407,0.08829683
0.82608145,0.02886255,0.8192161,0.087215394
0.84161854,0.029353844,0.80782765,0.08411425
0.8130084,0.027113985,0.83777446,0.08955701
0.8140707,0.024687642,0.8443808,0.088047095
0.81559896,0.02728911,0.83195966,0.08719171
0.8365945,0.031020615,0.8046962,0.084930204
0.81222475,0.026242191,0.8395065,0.08889496
0.83383894,0.030682497,0.80491006,0.08447383
0.82566506,0.028616201,0.8190164,0.08514301
0.81895584,0.026033696,0.83635247,0.08806525
0.819584,0.027213696,0.8300343,0.087082975
0.8293009,0.029554825,0.8156056,0.08631663
0.82556975,0.02849009,0.8206685,0.086633146
0.8233002,0.02789604,0.8280031,0.086959876
0.8167266,0.026415462,0.84020597,0.08852568
0.81079537,0.025585786,0.84152377,0.08769824
0.8267907,0.025728848,0.83619654,0.08725674
0.82278156,0.02842466,0.82110083,0.08661065
0.8377225,0.02990502,0.80459684,0.08490761
0.8091713,0.025682865,0.8436157,0.08781342
0.830269,0.0265621,0.82875085,0.08505408
0.8269959,0.027235284,0.8281637,0.08669573
0.7985644,0.02645143,0.8488066,0.09108777
0.82422507,0.028805993,0.82201254,0.08773545
0.8280074,0.027912611,0.8249556,0.08700027
0.83181965,0.026618669,0.82234985,0.085587546
0.8110332,0.026723616,0.8382486,0.088754304
0.795227,0.024544844,0.8617469,0.0917164
0.82950026,0.026374971,0.82927823,0.08639297
0.8208931,0.027983163,0.8294037,0.08797363
0.80780035,0.027328487,0.84183985,0.08981713
0.82038015,0.025935037,0.8385616,0.0882459
0.81557786,0.026281726,0.83949065,0.08879158
0.8094248,0.02975656,0.82903993,0.08877145
0.82524335,0.028040076,0.8211694,0.0862864
0.82914835,0.02807914,0.82388467,0.086180255
0.8226732,0.028047798,0.8232544,0.08544894
0.8293376,0.026688017,0.8252402,0.0851308
0.8060059,0.02388271,0.85510975,0.088732705
0.82908595,0.028921694,0.81719214,0.08497673
0.81321615,0.026328197,0.83812904,0.08872733
0.8200264,0.027722558,0.8229836,0.08532559
0.8285045,0.02684176,0.823297,0.08439772
0.8291455,0.027675347,0.82384634,0.08659791
0.8238695,0.02913762,0.82164234,0.08757447
0.8262736,0.028714444,0.823664,0.08702806
0.79721457,0.02491223,0.86022776,0.090414695
0.8193781,0.027182117,0.83186287,0.08763753
0.82486457,0.026588894,0.8314053,0.08656909
0.7961051,0.026887588,0.85035175,0.090757646
0.80880713,0.02503143,0.848816,0.08805696
0.82253057,0.029486746,0.81893826,0.087138034
0.8210236,0.027331831,0.8287108,0.08733412
0.81633157,0.025840402,0.84577733,0.08916703
0.83295053,0.028195167,0.8171269,0.085370846
0.8043339,0.022937356,0.8589922,0.08854637
0.8082183,0.027538298,0.8404818,0.09024039
0.82473445,0.029608555,0.8144584,0.08518087
0.8016478,0.026875429,0.8452801,0.08920947
0.8201785,0.029448153,0.8211113,0.087614
0.80768865,0.024375373,0.854545,0.089878544
0.8200303,0.026288876,0.84214574,0.090327196
0.8190127,0.027900422,0.83073014,0.08695043
0.81865865,0.026576744,0.83604544,0.08714518
0.8122756,0.026667193,0.8434233,0.09075087
0.8239129,0.030660976,0.8078129,0.08356058
0.8072894,0.026727725,0.8381668,0.08766091
0.8252373,0.027453404,0.8281034,0.08732623
0.816935,0.02695398,0.8392504,0.09025384
0.8177975,0.026453637,0.8313989,0.087151825
0.8198029,0.028381016,0.8272503,0.087340705
0.8187921,0.028906548,0.8245282,0.08782841
0.80176324,0.02478081,0.85742784,0.09128785
0.81832105,0.027163323,0.83439624,0.08762278
0.82048744,0.025113456,0.8470244,0.08912862
0.8239711,0.028885908,0.8224941,0.087399155
0.81623435,0.025900817,0.8389523,0.088151336
0.81975496,0.026949616,0.83506775,0.087817505
0.826263,0.027743611,0.82936335,0.088127464
0.813825,0.02656163,0.83451915,0.08650662
0.82221234,0.027883258,0.83145154,0.08939728
0.81487846,0.026358264,0.84353817,0.08866581
0.81887,0.02755532,0.83052033,0.08786685
0.8294488,0.025800528,0.8301309,0.08562765
0.82541734,0.027637018,0.82907313,0.08827475
0.80823857,0.025770571,0.8450663,0.089285985
0.8179389,0.026922002,0.83709127,0.08871487
0.8125977,0.025639897,0.84619385,0.08940568
0.8149804,0.026638674,0.8375199,0.08851769
0.8187812,0.02745599,0.8287412,0.08639289
0.80785227,0.02548905,0.8453964,0.08834029
0.7996682,0.024626274,0.8578504,0.090150975
0.81743723,0.026808036,0.8364606,0.08765821
0.8117367,0.027260803,0.8323427,0.08667372
0.81078047,0.02827868,0.83498234,0.08862834
0.81589216,0.0275589,0.83320475,0.0880566
0.8080244,0.028304245,0.8286553,0.08704632
0.8222217,0.02784508,0.8250274,0.08657527
0.81809944,0.027803557,0.82483256,0.08622251
0.82294893,0.026354814,0.83850855,0.088811666
0.8024893,0.02465549,0.85451436,0.08878506
0.8206637,0.027133672,0.82594126,0.08564329
0.81871367,0.027987365,0.8280964,0.086471975
0.8278148,0.028666625,0.8241463,0.08708073
0.8337946,0.029830435,0.80702066,0.083938055
0.81784385,0.02896871,0.8262821,0.08669213
0.8284658,0.027382066,0.8196292,0.08537724
0.81537503,0.02748858,0.8303357,0.08755501
0.8317669,0.027647344,0.8198365,0.08572576
0.8204946,0.026398709,0.8327979,0.087270595
0.8127731,0.025959393,0.84153366,0.0884063
0.82667255,0.027547464,0.82294613,0.08598917
0.82470876,0.025281759,0.84310246,0.08895242
0.82016635,0.0274472,0.827219,0.08592956
0.82711667,0.02923953,0.81625897,0.08674922
0.83125764,0.027562909,0.819782,0.08516749
0.822601,0.026479684,0.8324768,0.08627155
0.80693597,0.02609447,0.84354824,0.0883835
0.83813447,0.026783574,0.82566833,0.0867774
0.81324196,0.02544321,0.8402236,0.08710945
0.8275769,0.029203733,0.82041645,0.087453976
0.8310558,0.029089317,0.81575626,0.08595316
0.81558716,0.028264606,0.8303796,0.0877361
0.82297355,0.02616201,0.8331848,0.088646285
0.8328298,0.027024698,0.8218144,0.084872134
0.8186755,0.029923307,0.8206245,0.08614979
0.8195207,0.026596103,0.83078843,0.08559865
0.82967746,0.031177687,0.80521303,0.08503088
0.8071958,0.024423612,0.8569887,0.089643754
0.8027008,0.026729109,0.84550667,0.08936598
0.81742287,0.024811031,0.84967417,0.089964814
0.8257992,0.02829162,0.82065016,0.08569981
0.8093737,0.02696989,0.8349534,0.08788533
0.8251034,0.026815208,0.8286186,0.08740513
0.81663,0.025084196,0.83960366,0.08831152
0.82513463,0.027673803,0.82737,0.08782827
0.7997542,0.022868527,0.86563784,0.091107994
0.84083915,0.029301368,0.80900794,0.084998935
0.8165907,0.026454216,0.8421256,0.08923295
0.8243627,0.027753873,0.82723117,0.08685605
0.8320662,0.02779379,0.8209791,0.08516522
0.8331822,0.028101508,0.81905675,0.085086755
0.82821035,0.028888194,0.81896126,0.086467154
0.8261597,0.025320444,0.8374036,0.086055666
0.80815685,0.025687488,0.84510213,0.088217355
0.8204702,0.026942749,0.8402569,0.089349
0.8112335,0.027492337,0.8434123,0.09179253
0.8205898,0.028969727,0.8209549,0.086311586
0.8171368,0.025451383,0.84255564,0.08816258
0.8187009,0.027166652,0.8321215,0.086928435
0.80817616,0.026479805,0.8433234,0.08900318
0.8048996,0.025312567,0.84417236,0.08817271
0.81760406,0.028891914,0.82301617,0.08621809
0.81593853,0.028026547,0.83221966,0.088797316
0.8200688,0.02886926,0.82152945,0.08713519
0.80223906,0.025040718,0.8541966,0.09148176
0.83243996,0.029113185,0.81377125,0.084515005
0.82365656,0.0286334,0.8230161,0.08810154
0.826559,0.028553408,0.8216573,0.087386675
0.81365055,0.029277408,0.8256524,0.08826379
0.8234694,0.029462319,0.82270145,0.08718841
0.84000313,0.027151104,0.82095903,0.084630325
0.8175093,0.029653337,0.8224595,0.08785359
0.8185496,0.02687857,0.83610666,0.08860939
0.8259248,0.026213795,0.83545166,0.08665661
0.8379664,0.028822288,0.81303006,0.08476374
0.8080622,0.025797145,0.8401425,0.086956725
0.8115708,0.027245175,0.8332752,0.08822884
0.81750953,0.026065676,0.84133226,0.08897942
0.80138445,0.026469642,0.84683526,0.08993582
0.8116268,0.026516275,0.8455749,0.09134681
0.8230829,0.029030882,0.8194246,0.084812015
0.8174829,0.027356857,0.834127,0.08685184
0.8128142,0.027725626,0.83554566,0.08860438
0.822842,0.02651639,0.83544445,0.08900853
0.81273156,0.025902547,0.84243584,0.088942856
0.82423687,0.027835965,0.8223624,0.08459133
0.82266706,0.026753182,0.8263182,0.085350804
0.81927353,0.028587412,0.8263662,0.08717951
0.83042413,0.027419427,0.8215042,0.08540727
0.8226611,0.02991407,0.81823224,0.08735151
0.8196385,0.025905529,0.8358865,0.08652855
0.81585234,0.025797268,0.8417493,0.08852083
0.8130706,0.023783345,0.85709345,0.09032877
0.81319475,0.028004225,0.8345256,0.087823704
0.82667595,0.026307812,0.83334875,0.08811366
0.8171854,0.02848783,0.82802266,0.087940075
0.8094559,0.025525162,0.8456453,0.08844335
0.81273407,0.02597578,0.8406128,0.0886525
0.83504766,0.0295413,0.81334907,0.08523078
0.8333527,0.027096499,0.8182392,0.08425983
0.82157946,0.026092865,0.8335306,0.086790845
0.81664884,0.026438396,0.8336054,0.0872052
0.8191618,0.026849171,0.83740926,0.08828995
0.8219743,0.026839282,0.8332405,0.08824628
0.815493,0.02667715,0.83697534,0.088054106
0.8137326,0.024443965,0.8489541,0.088465385
0.8049902,0.026192348,0.8387303,0.08693063
0.8200044,0.02954535,0.8148307,0.08557606
0.8209972,0.026084917,0.8334815,0.08661978
0.8355386,0.030292474,0.8051168,0.08439261
0.84098715,0.029127292,0.8060009,0.08274829
0.8240629,0.027520457,0.8259112,0.08700953
0.8088357,0.026260192,0.8469054,0.090971984
0.81931555,0.028067319,0.82680166,0.08683075
0.8254049,0.027259244,0.8270125,0.08729557
0.81988406,0.02674266,0.8342565,0.087325774
0.81024647,0.027320031,0.8394051,0.08869729
0.81502694,0.027621143,0.8305112,0.08781039
0.82062584,0.026335938,0.84066504,0.08872352
0.80910385,0.027111711,0.8375489,0.08818356
0.7971154,0.02360839,0.86458516,0.09061397
0.8299866,0.03020447,0.8161033,0.08563239
0.8276742,0.027758922,0.8229675,0.08737586
0.8092875,0.02546828,0.8469709,0.087599926
0.8227493,0.027840167,0.82359225,0.08672837
0.8302282,0.026510468,0.83060247,0.08601171
0.8250466,0.030437678,0.8141916,0.08630187
0.82149976,0.02412581,0.8505939,0.0886305
0.82122403,0.027364157,0.83234745,0.088607505
0.8182563,0.026077678,0.8336373,0.08527662
0.81027645,0.025159447,0.8480263,0.08998092
0.821641,0.02650188,0.8286851,0.085370995
0.8197763,0.028726107,0.8206146,0.085694134
0.8211928,0.026819421,0.8328276,0.0865692
0.81768316,0.026233215,0.8349819,0.08699047
0.8104073,0.026451247,0.8399012,0.08916992
0.81880397,0.025707092,0.83994144,0.087705165
0.7934923,0.027363002,0.8447761,0.09082979
0.8076269,0.026932094,0.83914053,0.088494055
0.8218519,0.026451366,0.82936835,0.08745066
0.8097646,0.02732297,0.83103836,0.08730321
0.8219075,0.028119516,0.8199824,0.08390624
0.8132947,0.027022507,0.83761054,0.08729499
0.801535,0.02685303,0.8452041,0.09053282
0.8114868,0.027446296,0.8411179,0.08963587
0.82634467,0.026344981,0.8325295,0.08663987
0.82825536,0.029842157,0.81356657,0.08561343
0.81298697,0.028774947,0.8319635,0.08983893
0.8070046,0.02513024,0.8535045,0.09010759
0.8245666,0.026839519,0.83434397,0.08905676
0.8096709,0.026003411,0.84382445,0.08970249
0.81282413,0.026234804,0.84002537,0.08881863
0.8295325,0.027847676,0.8173565,0.08440816
0.8115247,0.026912203,0.834677,0.086163655
0.8211659,0.026069447,0.8385833,0.08877445
0.8099292,0.025096625,0.853983,0.090701446
0.8252011,0.029032772,0.82340723,0.08823795
0.8043857,0.026046876,0.84729356,0.08994761
0.8056499,0.024817072,0.8535436,0.09002517
0.8198556,0.027544968,0.8240506,0.085569344
0.8111087,0.026908634,0.83488107,0.087741956
0.8025284,0.025125597,0.8524022,0.09038073
0.8180088,0.026171468,0.8401351,0.08846532
0.8117673,0.025105536,0.84371376,0.0881753
0.81726867,0.02629727,0.8382207,0.08950458
0.8190102,0.027984168,0.82719076,0.08689592
0.8138367,0.025552902,0.84392935,0.08993286
0.81054896,0.025130041,0.85052943,0.089719124
0.8118293,0.025616696,0.8459202,0.08937761
0.8116583,0.027066553,0.84165645,0.08962465
0.8258334,0.02627107,0.8289187,0.08633661
0.8115486,0.025789533,0.84005076,0.086610615
0.8214625,0.028702227,0.8223008,0.08631578
0.8305692,0.026719494,0.8245466,0.08541886
0.82449883,0.025191337,0.8363882,0.08636766
0.8274775,0.028350562,0.81949276,0.0852695
0.8204238,0.028102826,0.82390106,0.085565105
0.8207087,0.02899096,0.8242313,0.08809345
0.8217514,0.02811239,0.82765585,0.08665211
0.8171871,0.02547048,0.842573,0.088636495
0.8362213,0.030723292,0.80721515,0.08631107
0.82674485,0.02761615,0.82538575,0.086726844
0.8235888,0.026816083,0.8314503,0.08805108
0.81109107,0.02708978,0.83911675,0.0887014
0.8282389,0.029089075,0.8198153,0.08705591
0.80674547,0.02609174,0.8410896,0.08706944
0.8550301,0.028817361,0.7980322,0.080981866
0.81949794,0.02734263,0.8318347,0.088677905
0.80009705,0.024083197,0.8615359,0.08918131
0.81346005,0.024493845,0.85161126,0.088668816
0.8012928,0.027069774,0.8425767,0.089024745
0.82132256,0.026338639,0.8255476,0.08470245
0.7868235,0.024694705,0.8678849,0.09387823
0.8263799,0.026668534,0.8303645,0.08627603
0.8282499,0.02742556,0.8242629,0.08577389
0.81290543,0.03009304,0.82194847,0.08823662
0.816632,0.027276913,0.82946044,0.08533864
0.8086875,0.02708404,0.8287529,0.084989436
0.82257885,0.026997758,0.839454,0.09040726
0.8233267,0.028830275,0.8211689,0.08783682
0.8120215,0.02704633,0.83422947,0.08717726
0.8120826,0.027140697,0.8324714,0.08689712
0.8221503,0.025091881,0.8420091,0.08817793
0.82869285,0.030310478,0.8075904,0.08563801
0.82652897,0.028902765,0.822308,0.08689501
0.79879165,0.026167618,0.85344094,0.090346105
0.80728996,0.02523937,0.8513704,0.0896086
0.8073697,0.028036393,0.82540905,0.0861565
0.807885,0.027616473,0.8411626,0.09063091
0.80898035,0.027466085,0.8359869,0.089057565
0.82091,0.025422217,0.84336174,0.08793886
0.81280315,0.02480204,0.8491403,0.08946014
0.8237382,0.027132777,0.82767713,0.08683046
0.812445,0.02487086,0.851299,0.08946605
0.82369787,0.027590504,0.8239701,0.08575549
0.83240205,0.028012794,0.81606966,0.08528593
0.81570935,0.02711484,0.834714,0.08723165
0.8278198,0.026586492,0.83100134,0.08768068
0.8069451,0.02802514,0.8322508,0.08775131
0.8247259,0.028633585,0.8194218,0.08700442
0.8170377,0.02896949,0.82241017,0.08647258
0.8237656,0.026728006,0.8311903,0.08665153
0.81881726,0.028474547,0.82262486,0.086525306
0.8080767,0.028518682,0.82661355,0.08677323
0.8124458,0.026988357,0.8394273,0.08836399
0.8177416,0.025907153,0.84513044,0.09057075
0.80033225,0.029435188,0.8291543,0.08831559
0.8085738,0.025623482,0.84569144,0.0891201
0.8215355,0.026680369,0.8290121,0.085792564
0.8130331,0.025914807,0.8435181,0.0876786
0.8218918,0.02831289,0.8245308,0.0859062
0.8145335,0.027226832,0.8401713,0.09000689
0.80212635,0.025645943,0.85118234,0.088834584
0.82084614,0.026889395,0.83037245,0.087436564
0.8125286,0.029074868,0.8278148,0.08930947
0.8149976,0.026732007,0.8368586,0.08699652
0.8381063,0.029142248,0.81429875,0.08668273
0.816381,0.02668425,0.8321777,0.0872245
0.82507664,0.02786091,0.8239387,0.08648744
0.8393432,0.029605286,0.8068432,0.08417245
0.80087465,0.02517682,0.85908055,0.09276273
0.8130133,0.027268669,0.8358566,0.08739315
0.8023651,0.025143232,0.85379153,0.09042796
0.8153683,0.027236694,0.8354324,0.08880525
0.8100379,0.026715875,0.8416501,0.089468054
0.7985246,0.026526684,0.85043323,0.09131626
0.8311204,0.029146424,0.81539744,0.086027436
0.8253323,0.02696326,0.8284771,0.08485376
0.8259604,0.026028855,0.83405095,0.08637847
0.8108673,0.026564278,0.8389273,0.088132694
0.7951404,0.025947148,0.84853387,0.08913859
0.8093739,0.02844647,0.83345896,0.08974099
0.80209345,0.024753783,0.8560738,0.089921944
0.80452657,0.030682432,0.8228258,0.08858622
0.8118785,0.026887344,0.8358474,0.087908864
0.82232165,0.029107599,0.81645495,0.085571244
0.82893896,0.028472293,0.82118744,0.087471716
0.8072755,0.026817536,0.8418914,0.08978998
0.83503115,0.027313355,0.8157022,0.08471234
0.80565256,0.02735365,0.83491206,0.08782477
0.8111406,0.025445217,0.8422743,0.08661352
0.83373475,0.027411276,0.82449234,0.08528695
0.82918805,0.02750139,0.8260634,0.08713197
0.81947416,0.02777095,0.8309411,0.087419495
0.79971856,0.025004297,0.8551102,0.090677224
0.8248953,0.030500814,0.8079128,0.08321891
0.83703506,0.028915076,0.81645936,0.08688296
0.80519956,0.026258651,0.84677845,0.089363106
0.8178959,0.02893987,0.8207419,0.085195966
0.81554806,0.024888068,0.84669226,0.08831959
0.8131289,0.02521066,0.8479988,0.08867495
0.81645775,0.025949864,0.8389958,0.087157
0.8309386,0.027722353,0.8288822,0.08782641
0.80847144,0.027936265,0.83052534,0.0870432
0.82136804,0.02685975,0.83072776,0.08675923
0.822043,0.02680084,0.83384824,0.087234855
0.82603234,0.027498683,0.82551324,0.08576882
0.82968485,0.027097668,0.8282097,0.087035276
0.8193421,0.02734632,0.8301317,0.0870565
0.82365644,0.02750627,0.8319006,0.08744263
0.79707515,0.025230166,0.85710156,0.09096674
0.82242143,0.027644865,0.8283278,0.08762346
0.8170944,0.02719488,0.8348831,0.08765815
0.8250154,0.027793258,0.82487726,0.086269826
0.832135,0.026813949,0.82778674,0.08685588
0.8430089,0.028803678,0.81265396,0.08381657
0.81522584,0.025959041,0.839387,0.08745343
0.82586104,0.02750783,0.825655,0.08778943
0.8280138,0.02848889,0.81860924,0.08572773
0.81727636,0.026146159,0.8352825,0.086047046
0.82658565,0.02771334,0.82302487,0.08604321
0.8245224,0.028967068,0.8199627,0.08610453
0.81215507,0.027009953,0.84074646,0.08918984
0.8212752,0.026375456,0.8368389,0.08785338
0.81919545,0.026820898,0.8349181,0.08747721
0.8132043,0.026956929,0.8372694,0.08863647
0.82897127,0.029624753,0.81564456,0.08687968
0.8146303,0.027836522,0.83024716,0.088030234
0.81617206,0.02572853,0.8404015,0.08743669
0.82627964,0.024752732,0.8419626,0.088074446
0.8211611,0.02731628,0.836142,0.089789465
0.79925585,0.026129888,0.8486934,0.08960572
0.80874246,0.027289968,0.8366899,0.088321
0.8303399,0.026544007,0.8289404,0.085723005
0.82570827,0.028979309,0.8209572,0.08528018
0.82700044,0.027014544,0.8278753,0.087261006
0.82330686,0.027688468,0.82079697,0.08426233
0.8174083,0.027235044,0.8348455,0.08711109
0.7999565,0.025989596,0.84991825,0.090159096
0.81035227,0.028731182,0.82577556,0.08683791
0.82675964,0.026810208,0.8271482,0.08640032
0.8144033,0.027241895,0.83176905,0.087309554
0.8217489,0.028303921,0.8268296,0.087167956
0.8187127,0.024425667,0.845303,0.08994873
0.82055974,0.027697586,0.82334596,0.08611664
0.8127787,0.028583916,0.82749045,0.087131634
0.8143937,0.027425991,0.8334474,0.0878835
0.814717,0.027250737,0.83389825,0.087817445
0.8281184,0.02830633,0.82285696,0.087595746
0.8174341,0.028303651,0.82737625,0.08664614
0.799146,0.024890032,0.85634124,0.09077701
0.8410625,0.028857864,0.8164613,0.08666343
0.8279375,0.029849444,0.8146057,0.08596591
0.8070711,0.02414677,0.854787,0.09016395
0.82036954,0.02587078,0.8400759,0.08827014
0.81013936,0.025433391,0.8466019,0.08877392
0.81202024,0.026161306,0.8447126,0.089176
0.82796466,0.027680138,0.8240614,0.08487193
0.8116379,0.030470816,0.8259384,0.08965066
0.8099499,0.025237698,0.8458048,0.08985007
0.8153239,0.028304521,0.8309954,0.087786295
0.81620365,0.027020432,0.83681715,0.08911872
0.82321393,0.026640914,0.83737576,0.08944527
0.8266303,0.027017044,0.8286165,0.085895345
0.82621115,0.026278054,0.8296586,0.088139735
0.8109019,0.026795134,0.8426159,0.08857221
0.8148564,0.024832495,0.8499678,0.08922419
0.8333528,0.028482858,0.8153173,0.08594842
0.8346802,0.02808102,0.8169508,0.08488735
0.8256401,0.026900744,0.83007985,0.08743888
0.82035667,0.027838886,0.8296539,0.08789098
0.82365346,0.026831694,0.8305974,0.0866991
0.8204941,0.027597688,0.83023006,0.08784569
0.82362115,0.026958985,0.8279943,0.08576027
0.81468874,0.02592752,0.8347514,0.08606477
0.8367206,0.027589766,0.81789416,0.08592875
0.81861216,0.030899795,0.8123878,0.0866936
0.8198373,0.026082285,0.8406601,0.088525556
0.807525,0.026355254,0.8466218,0.09165655
0.82260007,0.026094452,0.8326862,0.0872639
0.8075341,0.028303158,0.83715516,0.088096246
0.8112503,0.025384067,0.85000926,0.08924355
0.80850655,0.028315226,0.83286446,0.08775388
0.8131943,0.025628993,0.8429523,0.08885998
0.81686145,0.028235516,0.825326,0.086980715
0.8357132,0.027995568,0.8168693,0.08524424
0.8192447,0.027081516,0.8395933,0.09064025
0.8283594,0.026810542,0.82957286,0.0871564
0.82357377,0.027683984,0.82576895,0.08656325
0.80560976,0.026386023,0.84587246,0.0907772
0.83395237,0.030714512,0.8072447,0.08486325
0.81748974,0.026601177,0.83851063,0.08813509
0.81008065,0.025744384,0.8428743,0.08772821
0.802117,0.023965033,0.85677934,0.0900738
0.8146646,0.027180457,0.83506525,0.08736792
0.8185845,0.027826438,0.8291468,0.088344775
0.8182637,0.027006019,0.8310955,0.08669478
0.81958646,0.024992984,0.8425384,0.08758888
0.8425862,0.031222451,0.8011413,0.083076194
0.8194953,0.025787909,0.8365152,0.08780499
0.81320286,0.028130855,0.8303207,0.08756559
0.8211358,0.0277393,0.82685167,0.08710289
0.8046916,0.028815163,0.83367866,0.0892783
0.80209625,0.026212301,0.8456655,0.08989995
0.8212867,0.029168857,0.82004994,0.08659874
0.8245939,0.02835084,0.8199144,0.08627799
0.82661515,0.027583223,0.82316166,0.08623367
0.80467224,0.025875388,0.8490181,0.08984536
0.83360523,0.02601027,0.82637995,0.085641555
0.8329789,0.029173058,0.8111952,0.084226854
0.826691,0.02938155,0.8156788,0.08589461
0.80753076,0.025560344,0.8440818,0.089207575
0.805841,0.026656704,0.84643894,0.09106089
0.81662565,0.026785534,0.8342537,0.087768465
0.82131654,0.030187571,0.8148434,0.08546103
0.8169731,0.027835382,0.8277657,0.08549995
0.8129927,0.026822485,0.83723044,0.08770341
0.8200068,0.0279352,0.82735026,0.08650437
0.81397784,0.025906777,0.8366202,0.086840704
0.81748134,0.026972126,0.8363188,0.08889276
0.81453365,0.02743851,0.83656436,0.089716285
0.8353972,0.028568033,0.814533,0.085108
0.82357615,0.026921341,0.83210593,0.087609075
0.84446776,0.029137122,0.8054306,0.08298891
0.8208736,0.026487779,0.8322828,0.08743335
0.8030711,0.026238156,0.8469356,0.09009004
0.81714517,0.026903374,0.8329687,0.08754554
0.8236498,0.027732197,0.82612497,0.08717043
0.8143432,0.026895378,0.8329458,0.08620978
0.81601477,0.026589008,0.83756727,0.08900961
0.80574554,0.026620008,0.8437038,0.089575306
0.81016743,0.025439892,0.8503499,0.090578824
0.82999796,0.026931632,0.8227992,0.085142784
0.8123046,0.026202586,0.8438198,0.08850973
0.8175259,0.026112804,0.84243363,0.08946272
0.8167725,0.028574457,0.82807654,0.08712436
0.8159181,0.026193116,0.8340237,0.08689159
0.82749873,0.028440244,0.8214081,0.08735145
0.81127596,0.026472451,0.8390099,0.08822392
0.809194,0.025207318,0.84549147,0.08906532
0.81302506,0.026211558,0.83413,0.08681404
0.8094833,0.027348112,0.8357168,0.08771058
0.816764,0.028238008,0.82770663,0.08756025
0.81828576,0.026313426,0.83470994,0.0865725
0.81295604,0.02701844,0.83656234,0.087742314
0.80212796,0.026437696,0.8457249,0.08885835
0.812009,0.026654264,0.8406947,0.08871303
0.81441766,0.026362555,0.8381243,0.08727676
0.81523633,0.028047075,0.83004004,0.08740943
0.81712,0.027019525,0.8377365,0.08777072
0.83129025,0.026051255,0.82987994,0.085760295
0.8318027,0.027039979,0.825516,0.08623367
0.8213257,0.028588358,0.82889366,0.08746025
0.80495757,0.026004031,0.8421909,0.08742362
0.8199891,0.028799305,0.8266838,0.08843344
0.818257,0.027481845,0.82908785,0.086292244
0.8458528,0.02801809,0.81191427,0.08323109
0.82319504,0.026291514,0.8349679,0.088020034
0.84287536,0.028018244,0.81403875,0.08412059
0.8333083,0.028439369,0.81389886,0.0844076
0.82431996,0.027833987,0.8245928,0.08671181
0.81984043,0.028236357,0.8275389,0.0873875
0.8377752,0.029139899,0.8060614,0.08277948
0.8144978,0.025569687,0.8423422,0.08842852
0.827604,0.02685008,0.829273,0.08676355
0.82893634,0.025698777,0.83253247,0.08514907
0.81173676,0.025961095,0.8365826,0.08715517
0.83040833,0.029196773,0.8149485,0.08532157
0.82011807,0.027348362,0.83142483,0.08785522
0.8342852,0.025948755,0.8331777,0.08762146
0.80506134,0.026162352,0.843151,0.08829658
0.8292475,0.028452322,0.8225059,0.08642791
0.81805915,0.027631186,0.8347915,0.08755271
0.81230533,0.026622012,0.84314966,0.08941263
0.8162586,0.027990982,0.8315417,0.08820711
0.8257121,0.027301786,0.8274948,0.08803447
0.8162188,0.02676401,0.8353768,0.08788007
0.82566494,0.028316239,0.81829196,0.085442156
0.82600605,0.027728032,0.82431805,0.08606067
0.82130516,0.030480038,0.816842,0.087340824
0.8199352,0.027072078,0.8340451,0.087938964
0.8243878,0.02918732,0.8222571,0.087961674
0.80890673,0.02839095,0.8299957,0.088669494
0.8249994,0.025909279,0.83518213,0.08553435
0.8217185,0.026495593,0.8371297,0.088286914
0.8174229,0.026456626,0.8382743,0.08796173
0.8053081,0.028639777,0.8326638,0.0869948
0.8181865,0.025717532,0.8470935,0.09039894
0.81882495,0.027381798,0.83227736,0.088675685
0.8120314,0.025879465,0.8351867,0.085907005
0.82524896,0.028722834,0.82106483,0.085895576
0.83098555,0.027738327,0.8252738,0.08646707
0.8424063,0.029079055,0.8125081,0.08540953
0.7949235,0.02544716,0.85276085,0.08941033
0.8127196,0.024613138,0.84261817,0.087087646
0.8235641,0.02759253,0.8240831,0.08498591
0.8113208,0.026624704,0.833904,0.086599216
0.83301014,0.030459007,0.8079808,0.08512595
0.80448145,0.026371589,0.84671885,0.08950336
0.81596315,0.025880668,0.84140843,0.08848922
0.8181916,0.026854068,0.83985484,0.09006439
0.8147848,0.027642196,0.83286476,0.089107096
0.809298,0.025672652,0.84472203,0.088204734
0.81709266,0.026943546,0.83383864,0.0878724
0.8184882,0.028690768,0.8257586,0.08649899
0.8165849,0.026597999,0.83009577,0.08608809
0.83036286,0.028970445,0.8143364,0.08586783
0.82717323,0.02747188,0.8267641,0.086900376
0.80952907,0.029565737,0.8292067,0.08869154
0.8165517,0.02995575,0.81903327,0.08746419
0.82268995,0.027721064,0.8293506,0.08776252
0.8227881,0.026185598,0.8384256,0.08894213
0.8291043,0.027171899,0.82479376,0.08560969
0.8169207,0.029123709,0.82390463,0.08786172
0.8026476,0.024886768,0.8489936,0.08775363
0.821898,0.025103848,0.84010136,0.0868389
0.82784474,0.027628077,0.82052296,0.08397234
0.8138425,0.027743485,0.8342612,0.088771
0.8292688,0.029454023,0.81231636,0.08410731
0.80569303,0.0249671,0.8496987,0.08980653
0.82532346,0.026719946,0.8308004,0.0873351
0.83769065,0.029540384,0.8078841,0.08448789
0.83456314,0.027023364,0.82182425,0.0842701
0.82314384,0.027409159,0.82342494,0.08492381
0.8175663,0.026830563,0.83327454,0.086041346
0.8321098,0.027750226,0.81871295,0.08531441
0.8151963,0.027087746,0.83012486,0.086983435
0.8193867,0.02921622,0.8187311,0.08547349
0.81035054,0.026938016,0.83816814,0.088318534
0.82491845,0.027862592,0.82514733,0.08661763
0.8132411,0.027313871,0.83359617,0.087453514
0.8125821,0.027462503,0.8408652,0.089562856
0.8147812,0.024703244,0.85341763,0.09110065
0.811901,0.025857724,0.8372111,0.08705472
0.8160709,0.026675625,0.83519864,0.08809589
0.82110333,0.026908668,0.83297825,0.08770534
0.8123348,0.027764509,0.83928543,0.09011238
0.81836414,0.025645478,0.8355177,0.08720246
0.7973163,0.027931178,0.8475772,0.09240404
0.8147343,0.026736023,0.83716077,0.087899156
0.8183119,0.027832469,0.8373436,0.089900576
0.81117874,0.026046218,0.84521025,0.08948158
0.82595736,0.029794548,0.81325215,0.08535957
0.8418224,0.02779795,0.8168176,0.08467006
0.8076334,0.02557407,0.8511658,0.09031996
0.81619465,0.028598338,0.82514745,0.087865256
0.8289381,0.029710185,0.81585246,0.0866387
0.8354716,0.03105775,0.80285406,0.08347939
0.82061803,0.026018245,0.8393691,0.08833909
0.8103194,0.026178239,0.8355391,0.08665909
0.79493624,0.024091111,0.8698446,0.094414294
0.81015736,0.02453078,0.8532594,0.09003998
0.82186794,0.028184878,0.82097906,0.0854079
0.8138381,0.028666925,0.8234539,0.08609829
0.8209522,0.025813105,0.83731854,0.08812255
0.833632,0.02928397,0.8208443,0.087993704
0.8131063,0.026949834,0.8393122,0.08826568
0.82524747,0.029516427,0.81405294,0.08513466
0.81964314,0.026367716,0.8311078,0.08663494
0.8258176,0.029726274,0.8092515,0.08485795
0.8326838,0.02744801,0.81920606,0.084464625
0.81286526,0.025975732,0.84305745,0.088937834
0.8195402,0.028722074,0.83182025,0.08910518
0.83165,0.03084818,0.8103642,0.08651693
0.82756555,0.027984329,0.8162909,0.084174275
0.80634594,0.024373794,0.85206383,0.08791492
0.82722944,0.028777258,0.81623065,0.086275235
0.83852977,0.029820992,0.8064714,0.08378414
0.81689084,0.026032057,0.8385644,0.088345535
0.82204854,0.0265296,0.8349399,0.08885301
0.8055301,0.02586209,0.84272647,0.08865064
0.8080248,0.026048025,0.8505822,0.09029531
0.8051732,0.024700282,0.8533481,0.08974037
0.81890583,0.028528597,0.82438684,0.08483456
0.85000545,0.028595373,0.806854,0.08342412
0.81775457,0.026446505,0.84382117,0.090781905
0.8160762,0.02684823,0.8405758,0.08920947
0.81749445,0.02700804,0.83514297,0.08763761
0.8104826,0.025299909,0.84757525,0.08767339
0.81454986,0.026071386,0.8339942,0.085717484
0.82074714,0.02910848,0.8198976,0.085996285
0.83495146,0.030140229,0.8101546,0.08566085
0.8302472,0.027732348,0.8213173,0.08572172
0.82408065,0.029088132,0.82190245,0.087139174
0.806437,0.025329549,0.84865534,0.0896372
0.8175531,0.026657054,0.8384537,0.08827551
0.8192301,0.026013805,0.8389859,0.088594794
0.81923014,0.026274608,0.8364029,0.08740701
0.80588645,0.024770744,0.8532623,0.089509785
0.81842554,0.029403169,0.8235416,0.087617196
0.7973552,0.02536484,0.85016066,0.08909514
0.81339747,0.02725884,0.8350204,0.08810242
0.8167901,0.027209602,0.832966,0.088824585
0.8064451,0.026951363,0.8350681,0.087202124
0.8298119,0.027791914,0.82242626,0.08592968
0.83309346,0.02934924,0.81787586,0.087018386
0.83005506,0.029084679,0.8168756,0.086003914
0.81475985,0.029174726,0.8204837,0.0881555
0.8290923,0.02799586,0.8262189,0.08826374
0.81516004,0.027992357,0.8302232,0.08791817
0.8056882,0.023383806,0.8593709,0.09014906
0.8273804,0.027134867,0.8269213,0.08531569
0.8115678,0.023617133,0.8619385,0.0912922
0.8214481,0.025823748,0.84234345,0.08832762
0.843075,0.02793502,0.8129109,0.08299095
0.8090237,0.026131121,0.84180933,0.08713371
0.81480485,0.025732584,0.8375106,0.08656606
0.81999654,0.02800816,0.8253837,0.086353555
0.8190222,0.026632095,0.8304939,0.08771955
0.8299587,0.027535094,0.8280754,0.087290905
0.8098256,0.028183855,0.8320733,0.08742558
0.81723845,0.02556893,0.8407617,0.087523
0.8033842,0.027274072,0.8433203,0.090522066
0.8140138,0.025004111,0.84259367,0.086556524
0.82702696,0.030266464,0.8116399,0.0859238
0.8208295,0.026328713,0.833807,0.086149976
0.8288847,0.027266055,0.82463455,0.08619145
0.80271024,0.025894482,0.8449751,0.087886125
0.824828,0.026896942,0.8385616,0.09019507
0.8354649,0.028998196,0.8135847,0.08511169
0.82009417,0.028270133,0.82754445,0.08752452
0.814455,0.027165582,0.83423185,0.08790194
0.8175523,0.027009644,0.83613086,0.088640235
0.8224211,0.026968429,0.82474834,0.08565305
0.8307117,0.028463334,0.817182,0.08564223
0.82768166,0.030538345,0.8097541,0.085589014
0.80725265,0.028407065,0.83385915,0.0888581
0.82348657,0.02606696,0.8354227,0.08662119
0.80253315,0.027205989,0.84380436,0.089762114
0.8197081,0.027558895,0.8339763,0.089491114
0.8272322,0.02761712,0.82057923,0.084844254
0.8369776,0.029403176,0.80664563,0.08351584
0.8285668,0.027188508,0.8250041,0.08593085
0.84664387,0.02996688,0.8029466,0.08377512
0.8182428,0.027073672,0.828926,0.08722818
0.80942625,0.025799815,0.84719443,0.090388894
0.8126914,0.025391234,0.8495812,0.09009386
0.8329653,0.027811036,0.8232006,0.08733804
0.8030713,0.024283111,0.85501933,0.08975024
0.81421924,0.026606074,0.83567524,0.08754892
0.820909,0.026105354,0.8374078,0.08758946
0.821494,0.027017308,0.82711196,0.085600935
0.8140962,0.029492784,0.8186728,0.08580326
0.8207971,0.027424717,0.830622,0.08830677
0.8157164,0.024714684,0.85041815,0.090199776
0.8298658,0.028585395,0.8217327,0.086875476
0.81036127,0.030082287,0.81926215,0.08685292
0.8144847,0.02504144,0.84532726,0.08682491
0.81214553,0.025042986,0.8465763,0.08866099
0.8131983,0.026695462,0.8407167,0.087681584
0.82535136,0.02875185,0.8147154,0.0836146
0.8362463,0.02975783,0.8073462,0.08370625
0.81229514,0.023434589,0.8518152,0.08716396
0.7915614,0.026336893,0.84329826,0.08815739
0.80052125,0.027159864,0.84007335,0.08826532
0.8073537,0.024846222,0.8508372,0.08890658
0.8356432,0.02876681,0.8130096,0.086091354
0.81105405,0.02651321,0.84352154,0.089228995
0.8248237,0.02889861,0.8192947,0.08661507
0.8244341,0.026609473,0.8282614,0.08500763
0.8270546,0.028190617,0.81742465,0.084437706
0.8206268,0.025511315,0.838734,0.08650658
0.8191371,0.028006736,0.8251275,0.08753604
0.815502,0.027051643,0.8330796,0.087768294
0.80712163,0.02551971,0.85062444,0.09045411
0.8217415,0.02730167,0.83303845,0.08912807
0.8235932,0.027381381,0.82875264,0.08732692
0.80817866,0.027451767,0.8398022,0.08960918
0.83949,0.0288669,0.80983156,0.083821304
0.8264986,0.026821256,0.8323102,0.08675002
0.814064,0.02900567,0.8255453,0.08697259
0.82143146,0.025699575,0.8416409,0.087544404
0.8222956,0.027986879,0.8264924,0.08713167
0.80358016,0.027218647,0.83991235,0.08953388
0.835169,0.028659688,0.81579894,0.0860721
0.82726264,0.025469078,0.8338318,0.08555013
0.80939573,0.027581211,0.83558273,0.08780051
0.8110636,0.025928244,0.83730775,0.087395154
0.815444,0.025019933,0.8442025,0.08758856
0.8183073,0.028231544,0.82056326,0.085643046
0.8149974,0.025471257,0.8426892,0.08868539
0.79273635,0.025034104,0.86188376,0.092156455
0.8100035,0.027910775,0.8295779,0.08803983
0.8239661,0.027544988,0.8238468,0.085656546
0.8285337,0.02981701,0.8096555,0.08430223
0.80669737,0.026052069,0.846138,0.08953559
0.82326055,0.028535066,0.8202777,0.086287245
0.80792254,0.026699249,0.84258384,0.090097815
0.8264159,0.028902413,0.8159819,0.085294515
0.8093032,0.027088864,0.8383635,0.088228926
0.81639665,0.025341641,0.846773,0.08836991
0.81197655,0.026711792,0.8382606,0.08878791
0.81518185,0.028190436,0.8329076,0.08866793
0.8054542,0.025664672,0.8459929,0.08921489
0.8057967,0.02758196,0.83499354,0.087750405
0.8232269,0.027614366,0.83141863,0.08771221
0.8227329,0.026582107,0.83757985,0.088919364
0.82560194,0.027451962,0.8244839,0.085996985
0.7993836,0.027374782,0.8394511,0.08819555
0.8134196,0.027249327,0.84390175,0.090939954
0.80506325,0.0280582,0.83566517,0.08822501
0.82932127,0.02915477,0.81006074,0.08421701
0.7991825,0.025070265,0.8542973,0.08907472
0.8209086,0.027989954,0.82245034,0.084655106
0.81485957,0.026588744,0.8395362,0.088860594
0.81951284,0.02719311,0.83266145,0.08802746
0.8201305,0.02815419,0.82636535,0.0865092
0.8278998,0.028087059,0.81986046,0.08532399
0.7966492,0.025247803,0.86060345,0.09160825
0.80448896,0.026539868,0.8393791,0.08822173
0.8326196,0.027554618,0.81749463,0.08522272
0.8244287,0.027752291,0.82331467,0.08590944
0.81413156,0.02429368,0.85196424,0.08919299
0.8186951,0.026431495,0.83710396,0.08824977
0.8215383,0.02826224,0.8275253,0.086605884
0.8201583,0.027425148,0.8278776,0.087040134
0.8235534,0.028369298,0.8238032,0.0863821
0.8196403,0.029739765,0.8212274,0.08761444
0.806167,0.02503682,0.8495794,0.08862272
0.82096183,0.02843583,0.81885844,0.0853221
0.81487554,0.027340518,0.8338165,0.08853668
0.80800265,0.026893672,0.8403678,0.08725412
0.8154956,0.028171562,0.8271814,0.08677379
0.8071564,0.025414594,0.8508886,0.09036162
0.807124,0.0265061,0.8421982,0.088692896
0.81675225,0.02508551,0.8496922,0.089877
0.8229177,0.027535198,0.82759786,0.08697147
0.81893355,0.027769625,0.82713836,0.0869199
0.82486236,0.027822973,0.81818366,0.08440983
0.8215078,0.02973632,0.8138555,0.08516591
0.81944263,0.028915448,0.8205754,0.08607978
0.82263786,0.025095016,0.84066904,0.0883198
0.8185254,0.027651986,0.8345004,0.088997416
0.8267301,0.02843364,0.819607,0.08489832
0.8262143,0.027534824,0.8271496,0.086930506
0.82719,0.030033791,0.8140001,0.08637553
0.81315583,0.025797669,0.8448824,0.088789776
0.81594586,0.02683824,0.8365437,0.08925336
0.8041838,0.024999617,0.85004807,0.089858785
0.79370695,0.025044007,0.8637648,0.09152145
0.81098723,0.027112642,0.8320392,0.08713938
0.8300378,0.029763706,0.81175774,0.086138144
0.8108272,0.024372835,0.84991616,0.08781732
0.82178193,0.028116921,0.8206817,0.086927004
0.8077903,0.026688857,0.8435966,0.090296105
0.8300367,0.028781615,0.8159591,0.08480083
0.830279,0.028219687,0.81309414,0.0837442
0.8280303,0.028554,0.8197571,0.086026266
0.8169384,0.026775893,0.8346572,0.08743623
0.82179976,0.027339814,0.8351431,0.08797147
0.8056203,0.024033621,0.85790783,0.08988662
0.8070799,0.026020726,0.84495455,0.087914415
0.8134762,0.026445054,0.840195,0.08905156
0.8260573,0.027832402,0.82320654,0.08617629
0.80975163,0.026944315,0.83682746,0.08826549
0.81327856,0.026108727,0.84371936,0.08970952
0.81929886,0.028203221,0.8270703,0.086642586
0.82840765,0.028316779,0.81893134,0.08616575
0.82303435,0.027269844,0.8305153,0.08765932
0.8118824,0.027368693,0.83410734,0.08757038
0.8263133,0.027998924,0.82334167,0.087171115
0.81090134,0.02626904,0.8399385,0.08801561
0.80494255,0.027585426,0.83576274,0.0880662
0.81732166,0.024705796,0.8490449,0.08979278
0.82232374,0.026950689,0.8307267,0.08745255
0.8071683,0.026949842,0.8376188,0.08815819
0.8327617,0.029266046,0.8102648,0.082986146
0.82526916,0.028357437,0.8208005,0.086529806
0.82632405,0.028059443,0.8216773,0.084936485
0.8195798,0.026270311,0.83568805,0.088179484
0.8161032,0.02707635,0.8341,0.08761904
0.8228613,0.026675103,0.8326038,0.087044284
0.81298786,0.028591352,0.8298835,0.08789312
0.8090425,0.026276894,0.8394691,0.08685389
0.8195738,0.02770421,0.8266012,0.08644479
0.8148313,0.02631761,0.8453042,0.09053657
0.82086277,0.026697982,0.83470666,0.08769412
0.8278885,0.027570244,0.8259924,0.086647995
0.8059356,0.027054384,0.8433313,0.09088531
0.8143092,0.028237037,0.8233826,0.08568559
0.8166606,0.025662469,0.8436383,0.088980146
0.825,0.0305175,0.81490344,0.08777744
0.82946914,0.028736018,0.8222317,0.08545984
0.82209903,0.027116468,0.8295645,0.086685084
0.8007867,0.024854975,0.85383344,0.089339264
0.81980234,0.026331399,0.84087527,0.08902912
0.8137804,0.028005414,0.83335173,0.08974824
0.83622146,0.029703774,0.8131369,0.08557853
0.80961466,0.025583865,0.8481602,0.09003758
0.8309113,0.029335234,0.8111344,0.08453133
0.82003564,0.027790999,0.8290962,0.087819204
0.81889254,0.029248614,0.82192,0.08714499
0.79835576,0.024868472,0.85795224,0.090123616
0.8235945,0.027219102,0.82508117,0.0847828
0.8211639,0.026846105,0.8335665,0.08769377
0.79962337,0.024015315,0.8639356,0.09140829
0.81879604,0.026757948,0.83778566,0.088959634
0.820963,0.030010458,0.8172899,0.08706078
0.8271162,0.029406961,0.81362164,0.08540303
0.8240275,0.028033664,0.827375,0.086624674
0.82483673,0.02709403,0.8295563,0.08646041
0.80966794,0.027225962,0.8420456,0.09045044
0.8153593,0.02701658,0.83458227,0.087155156
0.82128996,0.025652168,0.84007955,0.08802232
0.82934314,0.029570537,0.8179661,0.08783522
0.81324846,0.027407853,0.83458275,0.087842464
0.8240498,0.028254708,0.8222071,0.08599221
0.8164043,0.027106022,0.8290738,0.08536619
0.8113841,0.02971415,0.8230092,0.08774683
0.8245864,0.027835242,0.82655567,0.0859795
0.8040356,0.027482782,0.83526504,0.088057525
0.8301603,0.03085664,0.81297535,0.087385654
0.8188793,0.028323282,0.8286476,0.088970065
0.83032,0.028487124,0.819213,0.08545014
0.81414384,0.028545845,0.83039236,0.08786677
0.8196936,0.028291095,0.8311169,0.08820043
0.823664,0.028475458,0.8232707,0.08789939
0.80464673,0.025415653,0.8513939,0.09024022
0.82700497,0.030727196,0.80988026,0.08605636
0.8115388,0.027113205,0.83248895,0.08654223
0.8094837,0.025517981,0.8467591,0.08859416
0.81213456,0.026314856,0.8397575,0.08801471
0.82359093,0.026996922,0.82690185,0.08593345
0.8286632,0.029579675,0.8155845,0.08613042
0.82073826,0.027673295,0.82878274,0.087360464
0.8206963,0.027742038,0.82425404,0.08467113
0.81718636,0.025241442,0.8421653,0.08685315
0.8332079,0.029025318,0.8121503,0.08501888
0.80397606,0.024077898,0.8573579,0.08953316
0.8174063,0.02662923,0.8405962,0.08872405
0.82037455,0.027165065,0.83248174,0.08771573
0.821205,0.02814434,0.8224056,0.08641036
0.82351464,0.028652808,0.8233997,0.087470904
0.83141935,0.028659845,0.8155348,0.08423093
0.8193142,0.027754726,0.8258593,0.085937016
0.8266858,0.027701965,0.8225879,0.086305864
0.8172801,0.027871195,0.82976174,0.0878178
0.8094276,0.025960736,0.8380938,0.086298786
0.82700163,0.028268622,0.8261689,0.08810265
0.8165805,0.02756306,0.8380518,0.089478396
0.81112003,0.027439347,0.83320564,0.087438166
0.8149316,0.028843764,0.82899684,0.08855245
0.81693447,0.025132582,0.84249973,0.0878636
0.8115557,0.02713098,0.839573,0.08956819
0.8303247,0.028346445,0.8198312,0.08707475
0.8236219,0.027596353,0.83131737,0.08863624
0.821533,0.026678277,0.8313881,0.08635636
0.8228977,0.027597642,0.82576066,0.0867648
0.81250453,0.027432466,0.83325785,0.08767033
0.8228546,0.027058829,0.8297004,0.08691963
0.82157016,0.025862651,0.8363599,0.08753247
0.8191766,0.027753033,0.8259933,0.08693009
0.8207192,0.026822995,0.8332554,0.087437294
0.8176521,0.02757317,0.8347985,0.08950304
0.8428178,0.02741893,0.81431484,0.08267712
0.8182423,0.026204335,0.83718294,0.088851504
0.8152818,0.027550926,0.8388466,0.08981267
0.80880815,0.025740664,0.8433586,0.08823799
0.81249875,0.028052293,0.83196056,0.08784961
0.8116236,0.027009534,0.83435684,0.088118054
0.80688864,0.027843472,0.8348511,0.08905243
0.8127926,0.026497046,0.837997,0.08842605
0.8213105,0.031500332,0.8102853,0.086158
0.8092511,0.026922239,0.8366776,0.08775032
0.83565587,0.029498592,0.8152247,0.08672155
0.8121403,0.026030803,0.84397435,0.088706724
0.79810613,0.023506064,0.86518776,0.09111946
0.8074142,0.025517823,0.8447923,0.08904988
0.8080728,0.026233446,0.8404334,0.0894845
0.8144575,0.026349975,0.83860654,0.08920609
0.825958,0.02736076,0.8281752,0.08714836
0.8098136,0.023242038,0.85602343,0.08936919
0.82341504,0.02612113,0.8312391,0.08511479
0.8181204,0.028097983,0.8331774,0.08932282
0.80066717,0.027142722,0.84445345,0.09070203
0.8325243,0.028090924,0.8185571,0.08476877
0.8254671,0.028396616,0.82453066,0.08665072
0.8154002,0.027120303,0.8348353,0.087757856
0.81932044,0.028048903,0.8314568,0.08853047
0.80871063,0.024837943,0.84942067,0.087977216
0.8218344,0.028440928,0.824122,0.08643197
0.8244716,0.028336149,0.8203057,0.08620571
0.8153667,0.027450765,0.83090603,0.08772064
0.8284273,0.028217312,0.8206063,0.08662015
0.8303828,0.029039813,0.8158935,0.08504179
0.8077311,0.027354589,0.8287799,0.086278155
0.82216704,0.026426643,0.8359383,0.08729035
0.8367383,0.028477745,0.8177623,0.086338036
0.8269764,0.025007408,0.83515567,0.086129434
0.82078034,0.027670985,0.8238141,0.0853611
0.8285793,0.027357074,0.823161,0.08532785
0.8311754,0.028124906,0.8209783,0.08633313
0.806253,0.023555372,0.86561745,0.09114999
0.80190855,0.026201187,0.85132015,0.08991933
0.82762074,0.027588136,0.82798254,0.08616534
0.8451906,0.029936822,0.80211633,0.08225434
0.8332668,0.028643416,0.8163442,0.08402139
0.8070219,0.027353669,0.8367059,0.0877041
0.8159053,0.027440472,0.83158976,0.08716918
0.81511164,0.02785682,0.8267036,0.08595816
0.82314235,0.026305873,0.8294151,0.08450298
0.81418425,0.027542474,0.8316207,0.0883748
0.8305396,0.028399304,0.8150846,0.08410796
0.82344335,0.028595565,0.8249506,0.08858698
0.81890184,0.027179046,0.8367285,0.089707494
0.8352091,0.028359141,0.81699634,0.08472018
0.8098326,0.024248723,0.8550626,0.0904746
0.8072277,0.024815137,0.8515619,0.08917037
0.82363105,0.028513733,0.8327983,0.09078467
0.83321315,0.026650254,0.83099836,0.08785893
0.8176696,0.027867354,0.8236656,0.08583723
0.8075845,0.026654111,0.84044826,0.08797497
0.82226616,0.028067585,0.82383484,0.08641565
0.8212412,0.028420147,0.8237841,0.08634382
0.818444,0.02658674,0.8337359,0.08764722
0.8102159,0.026506187,0.84019387,0.088482745
0.8359473,0.028694818,0.819109,0.08756345
0.8112149,0.02752347,0.8361604,0.089367196
0.8126899,0.026897782,0.83633345,0.0883321
0.8123992,0.025978228,0.8478182,0.08920067
0.8112429,0.025111277,0.84287226,0.08655048
0.8181771,0.028850112,0.82156724,0.085494444
0.8343596,0.026971748,0.8234465,0.08464417
0.83210534,0.027187444,0.82367307,0.085314184
0.82974774,0.028426042,0.814515,0.08618327
0.81799304,0.026513033,0.83367443,0.0866242
0.8054503,0.028268285,0.83195263,0.08781998
0.8393184,0.027398588,0.8157198,0.08432734
0.82004774,0.027956035,0.82431453,0.08657394
0.82081735,0.026399514,0.8346134,0.08660991
0.80336875,0.025873635,0.84882027,0.090024225
0.815049,0.027137702,0.8292494,0.08618672
0.8131757,0.024399964,0.84958076,0.0886882
0.81824404,0.026821647,0.8366344,0.089030035
0.8106659,0.02435646,0.85262346,0.08916431
0.81672674,0.025386512,0.840463,0.087877996
0.8118388,0.027788268,0.8354043,0.08912528
0.8392606,0.028451394,0.8109668,0.084217854
0.8007398,0.025045035,0.8563674,0.09100259
0.8076681,0.026610749,0.8413817,0.089013584
0.83195186,0.027547799,0.8190824,0.085860275
0.80936354,0.027125347,0.8461623,0.0906276
0.81974846,0.025243446,0.835566,0.08707189
0.8247951,0.02757743,0.8229579,0.087431125
0.81850475,0.028048975,0.83063227,0.08755908
0.81330234,0.026141884,0.8368613,0.087088704
0.83118767,0.029185427,0.8119259,0.08350461
0.8193639,0.028055323,0.82707417,0.08646992
0.8268184,0.027682435,0.82312375,0.08610821
0.83342564,0.030247852,0.8141216,0.08652423
0.8038479,0.027315421,0.83344156,0.086030185
0.81823623,0.02784326,0.8290963,0.08744378
0.8428674,0.027650548,0.8153103,0.084373534
0.8214223,0.028623605,0.8270257,0.08783541
0.81806296,0.030094575,0.814855,0.086262524
0.81754273,0.026868945,0.8343839,0.08752373
0.825622,0.029217502,0.8172389,0.08640512
0.8216774,0.02665931,0.83301836,0.08713502
0.80920374,0.027913742,0.82986057,0.08728156
0.805608,0.026014691,0.84146243,0.08847979
0.81209016,0.027085597,0.8384981,0.08952161
0.83058494,0.02840183,0.819972,0.085634574
0.81904435,0.026672063,0.82918197,0.0857182
0.8106153,0.026424527,0.8388565,0.08844079
0.79856205,0.02880089,0.8364645,0.08939161
0.8109665,0.025353558,0.84741396,0.08905638
0.8097468,0.025889358,0.84658027,0.09006738
0.8119065,0.026775012,0.837073,0.08867833
0.8272247,0.026663536,0.83221054,0.08677713
0.8082939,0.027803764,0.83469224,0.08892165
0.8152577,0.026013792,0.84672064,0.08987136
0.8217501,0.029479856,0.8165954,0.08559314
0.82484895,0.026581263,0.8346403,0.08665064
0.82221,0.026995784,0.83606553,0.089137144
0.82243675,0.029093666,0.81762314,0.08574016
0.8343676,0.024775421,0.8338581,0.08658617
0.81464577,0.0251405,0.8436312,0.08795869
0.7999927,0.02567957,0.8411663,0.08694398
0.80301505,0.026485924,0.8433675,0.088074155
0.8194298,0.02699655,0.83421934,0.0875989
0.8351262,0.028683182,0.81995696,0.086152665
0.8250898,0.026323792,0.83413756,0.0869622
0.8141834,0.026044734,0.8404616,0.08880563
0.81774014,0.026607882,0.8358596,0.087823786
0.82389444,0.028139085,0.8245557,0.08702436
0.7914198,0.025227351,0.86201304,0.09213736
0.8202431,0.026505949,0.83323854,0.08710202
0.8196863,0.028512897,0.8213425,0.085487865
0.8247921,0.026133396,0.8333646,0.0867757
0.8143443,0.026201436,0.8397059,0.08856404
0.8234068,0.027304163,0.8266865,0.08659106
0.83088845,0.02778815,0.8237971,0.08757077
0.80999047,0.025731744,0.8499299,0.0910499
0.8355685,0.028660748,0.8180976,0.086137585
0.8217908,0.029053463,0.8205846,0.087909095
0.83281124,0.02849395,0.8125534,0.084401295
0.8430497,0.029370721,0.80706626,0.08463886
0.8266295,0.02717966,0.82258105,0.08494384
0.80583227,0.02639409,0.84671867,0.089850366
0.8142892,0.028849967,0.8273058,0.08767905
0.8159949,0.028517833,0.829003,0.08843004
0.8092342,0.024658764,0.84986037,0.08844691
0.811255,0.028820356,0.829463,0.088696495
0.81648856,0.028900195,0.82713443,0.08747844
0.8326531,0.028264998,0.8174856,0.08476643
0.8059295,0.026067503,0.8465837,0.08951173
0.8264566,0.029001217,0.8233387,0.087431975
0.8199168,0.026712526,0.83273107,0.08596695
0.8182711,0.027585374,0.8284969,0.08652253
0.8225805,0.027206028,0.82705003,0.08669087
0.8067861,0.02560822,0.8496855,0.09061669
0.84045196,0.026546538,0.81847864,0.08512285
0.80779755,0.027470741,0.8357328,0.08826608
0.80602306,0.026552835,0.8404826,0.0893145
0.82524085,0.025338579,0.8390096,0.08657062
0.8177574,0.026318187,0.8359983,0.08708812
0.8197477,0.027848087,0.8319586,0.087841526
0.82470745,0.028434765,0.8249672,0.085928634
0.8385588,0.02793863,0.821166,0.0862523
0.8110104,0.025476493,0.84762347,0.08954908
0.8195711,0.02746541,0.82941175,0.08749704
0.8086748,0.026685236,0.84385186,0.09086945
0.8157339,0.0292125,0.81728876,0.08499872
0.81744564,0.027664693,0.8345167,0.08898093
0.80890715,0.024995374,0.85528874,0.09187553
0.7886733,0.025362307,0.8581081,0.09111837
0.8047378,0.026327137,0.84209067,0.08971183
0.8048503,0.025408214,0.8498633,0.0901032
0.8206477,0.028716233,0.8200592,0.085298076
0.81344324,0.025134824,0.8403487,0.08625277
0.8202268,0.027486209,0.832695,0.08802761
0.80905944,0.025953973,0.8489589,0.091107816
0.828132,0.027226942,0.8275316,0.08688285
0.82175916,0.027235992,0.83237684,0.08823517
0.81154007,0.028905943,0.83043975,0.0888574
0.8226446,0.025524018,0.83726764,0.0875427
0.81998104,0.028316664,0.82521623,0.08789411
0.8288765,0.02926396,0.8190744,0.086079344
0.81465304,0.026009915,0.8349077,0.08844897
0.81133467,0.025122864,0.84825206,0.08897204
0.8158946,0.025800904,0.8407261,0.08675149
0.82752275,0.028234547,0.8259043,0.08688092
0.809515,0.026377639,0.8431842,0.091064125
0.80626893,0.02645599,0.8414903,0.08812507
0.82977116,0.02957359,0.82005155,0.08682319
0.8222791,0.028853118,0.81802654,0.08525442
0.8275689,0.026609937,0.8340023,0.08825903
0.81114566,0.026554279,0.8362758,0.08805337
0.8260013,0.02905306,0.8240494,0.08844836
0.81551015,0.026399061,0.8395127,0.08891887
0.8139659,0.026391957,0.836031,0.0876214
0.83262813,0.027650265,0.81845444,0.084533386
0.814892,0.027057074,0.8325884,0.08683501
0.8224251,0.028943354,0.82392293,0.08734914
0.8159664,0.028048702,0.8282021,0.08703781
0.797705,0.024619423,0.85894775,0.09116386
0.81873626,0.02838023,0.82633406,0.087588586
0.8287554,0.029660324,0.81541294,0.08581805
0.8074687,0.02727696,0.83532894,0.08792292
0.8073902,0.026151657,0.845432,0.09070832
0.81162244,0.025484176,0.844639,0.08830872
0.8160433,0.027763104,0.82949984,0.08647713
0.8096879,0.02791609,0.83681077,0.0888789
0.81213564,0.024921492,0.84891564,0.089886345
0.8167119,0.026987797,0.83114994,0.08720753
0.83220655,0.027096324,0.82445246,0.08673859
0.82184494,0.029749524,0.81772405,0.08634961
0.8001421,0.026447223,0.8502299,0.09080405
0.81949043,0.027369462,0.82892793,0.08637361
0.8297313,0.026587399,0.8249446,0.0853896
0.8065838,0.02658416,0.84768575,0.0898264
0.8095266,0.025918923,0.8451137,0.08899022
0.8185383,0.027557535,0.83553237,0.08947554
0.81760025,0.026729133,0.8393811,0.08911033
0.8056826,0.025847204,0.84980905,0.0903663
0.81745625,0.028422633,0.8325728,0.08908033
0.8071601,0.027153604,0.83603626,0.08868689
0.8210022,0.0258555,0.84006095,0.087655686
0.8191296,0.026125234,0.8367132,0.088030174
0.8187378,0.026737668,0.8327025,0.086862735
0.82405794,0.029702194,0.81750304,0.08579942
0.83710366,0.028205534,0.81510013,0.08428585
0.8300686,0.027522307,0.82114446,0.08501963
0.82549846,0.029314246,0.8174576,0.086594634
0.8132963,0.028188339,0.83124876,0.088868946
0.8167371,0.02624032,0.8387536,0.08866374
0.8241874,0.028557813,0.82519084,0.08665523
0.81157273,0.02532243,0.8458009,0.08913164
0.8169998,0.028263865,0.8282753,0.0879996
0.8115767,0.026236461,0.8397915,0.08950189
0.8241789,0.026220815,0.83558697,0.088447265
0.80828744,0.02570186,0.8434033,0.08739265
0.8282302,0.028099183,0.8261085,0.08765013
0.8140183,0.02721888,0.83133644,0.08645097
0.80259955,0.022782028,0.8683497,0.09215775
0.8098373,0.02693355,0.8413961,0.08962604
0.81433296,0.028142823,0.8328534,0.088826895
0.8166605,0.025665253,0.84279746,0.0888068
0.80570745,0.027680948,0.8341386,0.087685764
0.826494,0.027581874,0.8270648,0.086754724
0.8246241,0.027446859,0.8253209,0.0866849
0.8105989,0.026778862,0.8410885,0.08934569
0.82773113,0.026609963,0.8338626,0.08781248
0.81770384,0.027388811,0.8289541,0.0865038
0.83057845,0.029879991,0.80907875,0.08459433
0.82473177,0.028146392,0.8218289,0.08692611
0.8051368,0.026975028,0.83927965,0.0879207
0.81121904,0.025338132,0.847831,0.08888339
0.8164919,0.026465585,0.8396236,0.09017434
0.8277578,0.026840115,0.8280774,0.08740876
0.79422915,0.024215959,0.86384577,0.09166459
0.81944937,0.028956302,0.8177885,0.08519612
0.8088458,0.027425606,0.8363733,0.08860519
0.80736405,0.026055293,0.84634423,0.08928526
0.8136583,0.026830947,0.8338792,0.087767296
0.8182682,0.026981067,0.83212477,0.08818436
0.8308668,0.028020635,0.8203653,0.086146645
0.82083136,0.028115172,0.8266695,0.08705256
0.8298371,0.030724991,0.81518966,0.08693666
0.8104035,0.026869709,0.8374259,0.08823517
0.8040935,0.025739629,0.845359,0.08823509
0.8055149,0.025715057,0.85239995,0.09084796
0.829436,0.02994866,0.8054972,0.083603814
0.8261421,0.027123736,0.82908094,0.0866854
0.8037426,0.025825799,0.8522129,0.09072599
0.8022507,0.025730008,0.8469757,0.08816048
0.8185554,0.029293537,0.8265929,0.08800356
0.8426281,0.029448055,0.8103622,0.085550986
0.81247795,0.025887037,0.8440474,0.08995879
0.8146299,0.027462857,0.8365543,0.08927083
0.8281099,0.027549533,0.8273296,0.08674364
0.8342552,0.027143875,0.81991184,0.084486745
0.80274236,0.025235677,0.8520582,0.088759765
0.8127783,0.027008003,0.8339128,0.087603435
0.82162863,0.029378425,0.8237067,0.087339826
0.81467474,0.02593943,0.83981246,0.088031076
0.82321715,0.02968458,0.8197508,0.08748344
0.8121293,0.026978642,0.83364266,0.086986214
0.8203239,0.029058145,0.82747173,0.08912206
0.8363739,0.028411163,0.81980634,0.08617304
0.82194483,0.028660487,0.8219094,0.08628324
0.8297557,0.028927412,0.8158842,0.08586146
0.79695797,0.025584908,0.8510088,0.08974433
0.81892043,0.027437443,0.832309,0.087384194
0.8122151,0.026595533,0.8367964,0.08802457
0.7940696,0.025658114,0.85340965,0.09093959
0.81404394,0.025747761,0.8432439,0.08864746
0.8291587,0.02920787,0.81624043,0.08642118
0.81401545,0.02841793,0.83335656,0.0892203
0.8315351,0.026178638,0.829439,0.08546241
0.8260034,0.028645637,0.8191368,0.08614771
0.8148352,0.026197257,0.8378696,0.08744192
0.8152868,0.02951806,0.82318413,0.086974
0.8065061,0.025237981,0.85339975,0.08992122
0.8231626,0.026094563,0.83378536,0.08641769
0.8348402,0.029014338,0.8104618,0.08333762
0.8226996,0.02769797,0.8306008,0.08779276
0.8187253,0.029993247,0.82017714,0.08820755
0.8211901,0.027855072,0.8274014,0.08645102
0.83981687,0.028832797,0.8149746,0.08566079
0.8331861,0.029259076,0.81393915,0.085383914
0.8189536,0.029196981,0.8204426,0.08648518
0.8253557,0.027941175,0.8209512,0.086226925
0.8235689,0.030396871,0.8094243,0.08388482
0.8093172,0.026908655,0.839874,0.08875426
0.8156802,0.027341489,0.8329848,0.08837886
0.80932057,0.025562104,0.8479108,0.08951702
0.8297144,0.027965967,0.81651413,0.08516079
0.8129536,0.028499406,0.83280313,0.08894701
0.82592344,0.029438185,0.81549716,0.08587141
0.8109687,0.02701298,0.8360056,0.08922927
0.8123736,0.024685604,0.850271,0.08999965
0.80810285,0.024870476,0.8494437,0.089084625
0.8246761,0.031211408,0.80448717,0.083916724
0.8240491,0.029670238,0.8190282,0.08680051
0.83007693,0.028042022,0.8222639,0.0864092
0.81417835,0.027132215,0.8376686,0.08883492
0.8225622,0.02820191,0.822304,0.085683286
0.8069316,0.024920309,0.84998184,0.089160055
0.8194344,0.026249437,0.83685714,0.08775982
0.8126774,0.026061585,0.84703344,0.090221845
0.80422044,0.026774278,0.847073,0.09105106
0.81297725,0.028356077,0.82692325,0.08565947
0.825403,0.030116165,0.80785435,0.08358652
0.81665045,0.02775924,0.8267114,0.086562924
0.8209722,0.02798008,0.82953715,0.089655064
0.84056216,0.02987749,0.80588394,0.08373679
0.8067772,0.024508758,0.85476905,0.09131787
0.82892627,0.027980868,0.8284185,0.08880004
0.81027734,0.026956048,0.83501464,0.08700077
0.82606614,0.027623137,0.82846564,0.08649699
0.8202253,0.028680455,0.8212479,0.08567264
0.8097346,0.026290644,0.84234,0.089287475
0.80732155,0.025917446,0.84489805,0.088889204
0.828759,0.028298961,0.8167857,0.0851029
0.8339534,0.027164437,0.8226442,0.08599998
0.81311554,0.025281958,0.8430953,0.08772489
0.8052322,0.025763087,0.8565995,0.091905594
0.8156747,0.029122112,0.8235603,0.08700345
0.82421577,0.028722737,0.8208711,0.08528907
0.8099732,0.026728796,0.8357697,0.08759013
0.8161862,0.026335625,0.8397964,0.08885454
0.81314653,0.025601083,0.8432981,0.08783294
0.83325446,0.028673248,0.8138679,0.08441848
0.8178029,0.0283336,0.82674325,0.08813812
0.83539635,0.028897729,0.81558996,0.084641784
0.81833,0.026034119,0.84199476,0.090431966
0.8144076,0.028775852,0.82651746,0.08805612
0.8224999,0.027314685,0.8235619,0.086147815
0.8230105,0.029535765,0.8176458,0.08543065
0.8330188,0.027203044,0.8209878,0.085068844
0.8067345,0.025391972,0.8511519,0.089713804
0.8247483,0.02599971,0.83849865,0.0881502
0.8281165,0.02781237,0.82253885,0.0865614
0.8103868,0.02531492,0.84314287,0.0881199
0.82259494,0.028069995,0.82254905,0.08667039
0.80701494,0.025649024,0.85306346,0.09089632
0.8073146,0.022860317,0.86754364,0.09097287
0.82682246,0.025456231,0.83074117,0.0842577
0.8340249,0.029560668,0.8107252,0.08387708
0.81955755,0.02959772,0.8187288,0.087054536
0.8203639,0.0306732,0.813326,0.08594185
0.8153395,0.027455628,0.83488536,0.089937344
0.82951206,0.028720682,0.819802,0.08636529
0.8113224,0.025600228,0.84247464,0.088054754
0.80927074,0.02667584,0.83774865,0.08790505
0.81714344,0.028262591,0.82945526,0.087470405
0.81045055,0.024430081,0.8579818,0.09108782
0.798492,0.025217567,0.85453856,0.089256786
0.81003344,0.023928734,0.85469794,0.088133514
0.8070105,0.029552586,0.82458776,0.08808867
0.81541204,0.027240103,0.83954495,0.089739345
0.8339038,0.027294459,0.8258334,0.087929614
0.8120997,0.026923824,0.8408033,0.08871191
0.82167685,0.02851525,0.8248907,0.08864102
0.81727,0.029146034,0.82299954,0.08752621
0.81922454,0.028508974,0.8246689,0.08763993
0.7988633,0.02596409,0.85098493,0.09037429
0.82328516,0.0277277,0.83042455,0.08743188
0.81276196,0.025341824,0.8447731,0.08896069
0.8108152,0.026200268,0.8407925,0.08793186
0.8224497,0.02771205,0.8207024,0.084232315
0.8187422,0.026468834,0.8389667,0.08877443
0.8180144,0.027579278,0.8335027,0.08851258
0.80603987,0.025999697,0.8466087,0.0906418
0.8100167,0.026608307,0.841689,0.087841585
0.8263221,0.028317872,0.82281804,0.08669635
0.80454415,0.027399482,0.8411618,0.089797854
0.8186299,0.028827092,0.8226411,0.08705163
0.7935227,0.0249042,0.86098003,0.09207741
0.8270159,0.028178615,0.81518245,0.08435161
0.8139306,0.025975274,0.84321976,0.088559926
0.81712574,0.025269598,0.8467597,0.09028339
0.81262326,0.023538698,0.8560721,0.0886926
0.81842995,0.028062433,0.8241387,0.08612525
0.8128979,0.028527476,0.82490534,0.086920016
0.81939805,0.02685992,0.8339611,0.087258324
0.8074657,0.030679125,0.8182341,0.08569744
0.8262643,0.02489748,0.83894277,0.0869858
0.83098793,0.028547846,0.8175981,0.085868195
0.8088441,0.025607463,0.8526132,0.09093861
0.798749,0.026755352,0.8504016,0.09151913
0.8029963,0.02611253,0.8506817,0.09147605
0.8185528,0.025585176,0.8419112,0.08831106
0.8187084,0.02801467,0.83037734,0.08835788
0.82071835,0.029432345,0.8204507,0.0865847
0.8353411,0.02942545,0.81357783,0.08585489
0.8165759,0.027230337,0.8299042,0.08634318
0.82685536,0.028120589,0.82040685,0.08557447
0.80575794,0.026868396,0.84065723,0.08838204
0.82102466,0.025848744,0.8410545,0.087263875
0.80355835,0.026817216,0.8403347,0.08811526
0.8275131,0.0281192,0.819403,0.0851532
0.82132584,0.026805742,0.83099854,0.08664481
0.8114365,0.02621067,0.83394533,0.08575066
0.8162099,0.02734231,0.8303517,0.08741859
0.8279443,0.027371766,0.8280376,0.08687442
0.79708004,0.02483484,0.86196256,0.09205963
0.82138497,0.026192922,0.84197587,0.088960245
0.8344636,0.03006723,0.809044,0.0858121
0.81415766,0.027041204,0.83659875,0.08794907
0.8061478,0.027556129,0.837243,0.08754424
0.81835914,0.027766725,0.82948947,0.08646575
0.8263332,0.027387628,0.822539,0.08652374
0.80017287,0.025459534,0.8576871,0.09091728
0.8389171,0.028470922,0.80970454,0.08297961
0.82553864,0.026832001,0.83564895,0.08753316
0.82231253,0.030406794,0.814938,0.087360136
0.82990324,0.026385356,0.83157766,0.08660157
0.8188467,0.027255006,0.83358514,0.0877665
0.8175613,0.027431674,0.83205473,0.08783954
0.8269675,0.028363502,0.82106084,0.08548187
0.8054732,0.0264343,0.84541404,0.09017152
0.8107703,0.026224716,0.8426062,0.08895373
0.798829,0.027406897,0.84557617,0.08946502
0.8230936,0.028799394,0.8204025,0.08670038
0.82866037,0.029533807,0.81904566,0.08617633
0.8212976,0.029041482,0.8208397,0.08709464
0.8250228,0.027444476,0.82415736,0.08585049
0.8255962,0.027261596,0.8288414,0.0865282
0.8158655,0.024949322,0.8541814,0.09094245
0.81963027,0.028180974,0.8267739,0.087375134
0.8086063,0.02474489,0.8498499,0.08828003
0.8314526,0.027627148,0.820633,0.086242
0.8171895,0.027795002,0.8248173,0.085155874
0.8119491,0.025102101,0.848584,0.089320906
0.80462503,0.02582112,0.8469786,0.0892257
0.8082681,0.026527766,0.8409826,0.08916656
0.8254406,0.029930279,0.8128046,0.08540902
0.82339704,0.027338693,0.8306673,0.08769214
0.8093449,0.027511103,0.83619946,0.088725
0.8337917,0.02744653,0.81808335,0.083302855
0.8064583,0.025508437,0.84953725,0.089443676
0.8342602,0.029730817,0.815835,0.08655589
0.8065355,0.027378071,0.8350963,0.08845732
0.80547094,0.02686853,0.84264076,0.08951531
0.8188942,0.02715245,0.83119863,0.087357946
0.8176003,0.025840493,0.85307187,0.09278938
0.814069,0.026169034,0.84409577,0.08961961
0.8271646,0.0277592,0.82409465,0.08781575
0.8115274,0.026455307,0.8370445,0.088307865
0.8090078,0.02393097,0.85663307,0.089968696
0.82187676,0.026449095,0.83341956,0.08634684
0.8227174,0.027904786,0.8299066,0.08833964
0.8218456,0.026375223,0.8349692,0.0876805
0.80652505,0.025147064,0.8477784,0.08933006
0.81226486,0.025882822,0.8432428,0.08965455
0.8235202,0.025941327,0.8382746,0.08894996
0.8198794,0.026579617,0.82841223,0.085895345
0.8217832,0.026720054,0.8325912,0.08655547
0.7976076,0.02497075,0.8576462,0.09049026
0.81630296,0.028855918,0.82605296,0.0887605
0.81313044,0.027104776,0.83021724,0.08667944
0.8202639,0.027590327,0.8263281,0.086149685
0.82238847,0.027257891,0.82890373,0.087810956
0.8123819,0.026863534,0.8395358,0.088048264
0.80694276,0.025535973,0.84876007,0.08912934
0.83256733,0.026896961,0.8230355,0.08614026
0.81846744,0.026145024,0.8367755,0.08754455
0.81049067,0.02847985,0.83218706,0.08996147
0.8006768,0.02892759,0.83163327,0.08772357
0.82587224,0.028523218,0.82364327,0.0885329
0.8201716,0.027068999,0.8276429,0.08524971
0.80585605,0.02802501,0.836388,0.088033006
0.80908,0.026203223,0.8436989,0.088659406
0.8355187,0.029278163,0.8100829,0.08441033
0.8161611,0.028402934,0.82853544,0.087430246
0.83311546,0.026596047,0.82266325,0.08486934
0.8336329,0.030045724,0.81207275,0.08608653
0.8216639,0.027196035,0.83318365,0.087482564
0.817466,0.026937122,0.83755547,0.08917836
0.8143272,0.025007177,0.84998673,0.090387605
0.83344275,0.026806578,0.8333506,0.08982098
0.8389298,0.028252048,0.8146961,0.08359885
0.82275563,0.027648425,0.82388526,0.08557043
0.8157231,0.027555063,0.83121574,0.08795593
0.8164262,0.02685015,0.8346544,0.08868368
0.81450695,0.025379414,0.8421617,0.08864789
0.83187735,0.024027927,0.8410014,0.08650192
0.81758535,0.025325703,0.8393499,0.08748546
0.82530695,0.027323106,0.8260301,0.086763136
0.81405985,0.025899459,0.843375,0.09101524
0.8221741,0.027647318,0.8265873,0.08667527
0.83780634,0.029748049,0.80449265,0.08313574
0.8300877,0.027173297,0.8275938,0.08676527
0.812994,0.025998216,0.84562844,0.0896974
0.83079416,0.028773457,0.81462276,0.08529722
0.8227308,0.02501163,0.8439018,0.08749825
0.8156392,0.029422333,0.819824,0.087124944
0.8152451,0.027867528,0.8325379,0.08875534
0.8090063,0.025697755,0.8435991,0.088990815
0.823824,0.029149106,0.82009333,0.08758781
0.8280967,0.02851684,0.81442595,0.084017925
0.8276053,0.026939338,0.829805,0.0861187
0.8121891,0.028071087,0.8280586,0.08690456
0.8182085,0.02528965,0.8432755,0.087023534
0.80161625,0.02673174,0.84447616,0.08969072
0.8251854,0.029083451,0.8193275,0.08579048
0.8284007,0.028230527,0.8132548,0.08344992
0.82266116,0.025917204,0.8347129,0.08655985
0.8486583,0.032311793,0.7926574,0.08496133
0.8235503,0.02733864,0.82416636,0.08504463
0.82450116,0.027418407,0.8259175,0.085551664
0.81247133,0.025259292,0.8469118,0.08957868
0.82279074,0.029359128,0.8181775,0.08545155
0.83105195,0.026074694,0.8303657,0.08581611
0.8138627,0.02508675,0.8478142,0.08920998
0.8246929,0.028157998,0.823905,0.08685553
0.817173,0.026706258,0.83263505,0.08562006
0.82261956,0.027858352,0.8258146,0.08663316
0.8171956,0.025597207,0.84092784,0.08853706
0.83544636,0.030441482,0.80479956,0.08431166
0.8227479,0.026566,0.8316044,0.08681969
0.821967,0.025545532,0.83764374,0.086952895
0.8112291,0.02630712,0.83798164,0.08848815
0.8056595,0.02514569,0.84971637,0.08762252
0.7947073,0.025997609,0.85037494,0.08887867
0.7983635,0.024354102,0.8639043,0.09224814
0.82092345,0.027457796,0.83008057,0.08737757
0.80892193,0.026033925,0.84407,0.08914632
0.8261102,0.026103716,0.8342255,0.08689605
0.81591904,0.030505162,0.8168749,0.08639899
0.83047736,0.028389135,0.8198352,0.08666489
0.82113904,0.027609548,0.8267079,0.08716812
0.8373096,0.029908514,0.8063231,0.08372242
0.81167734,0.024759118,0.8491627,0.08943056
0.8274347,0.028813561,0.81936836,0.085939206
0.81453776,0.02393679,0.85706323,0.08899094
0.80848706,0.026344271,0.8467831,0.09107965
0.80662996,0.02684958,0.83903575,0.087959096
0.822495,0.02598811,0.8403073,0.088485904
0.82017577,0.02836771,0.8247872,0.08737305
0.8197432,0.029438509,0.8204726,0.08611482
0.8289626,0.028535923,0.8178749,0.08432388
0.8129794,0.028455056,0.82637006,0.0867938
0.82988685,0.02887105,0.8143781,0.08583135
0.7990202,0.024972215,0.8544303,0.09025312
0.8242653,0.026221402,0.83161503,0.08611746
0.821837,0.02966439,0.81581265,0.08591462
0.7947892,0.024501368,0.8606888,0.09051517
0.79794985,0.02491435,0.8553478,0.090689614
0.8234628,0.027545948,0.827624,0.08569816
0.81539994,0.027021103,0.8384407,0.08840032
0.81288964,0.025902638,0.8403081,0.08721425
0.8266817,0.025789052,0.83224505,0.085852005
0.8069238,0.0239374,0.8573083,0.09041554
0.82111645,0.024850667,0.84478736,0.08882918
0.8127694,0.027800163,0.834724,0.08851465
0.82122666,0.029251425,0.8233809,0.08797034
0.810978,0.02733797,0.8335083,0.087459
0.80586654,0.024904486,0.8567571,0.090525694
0.81296676,0.024536377,0.8530546,0.090678245
0.8081284,0.02563398,0.8423789,0.08751934
0.8131283,0.026653634,0.8386869,0.086956024
0.8145037,0.027891038,0.8335371,0.089226745
0.817336,0.026707698,0.83168966,0.08616657
0.800047,0.027785752,0.8370618,0.08861693
0.8073847,0.027148671,0.8418923,0.08937069
0.81692165,0.026333615,0.84185,0.08841931
0.81993103,0.028860947,0.81724495,0.08380726
0.8218799,0.028771117,0.8228955,0.085899055
0.8153519,0.029949209,0.82016057,0.08684439
0.819883,0.026675224,0.8345055,0.08712125
0.8191439,0.027773201,0.8273686,0.08678526
0.81027114,0.025349757,0.8490633,0.09051956
0.83034533,0.029862585,0.8095577,0.08491557
0.82481015,0.02883198,0.8239449,0.088219814
0.82715464,0.030670078,0.8132336,0.087016605
0.8225448,0.026286256,0.83336496,0.08617351
0.81903607,0.026319066,0.8348119,0.08690682
0.83767134,0.02789979,0.81737363,0.084629014
0.81524104,0.026346201,0.8382082,0.08860687
0.8169388,0.028800437,0.82974243,0.08823944
0.8113822,0.029184822,0.82415855,0.08757167
0.81092185,0.025375633,0.84625566,0.08821702
0.8339143,0.027130643,0.82908636,0.08700071
0.82108647,0.026738796,0.8313255,0.08639942
0.8111916,0.026979014,0.8356339,0.08544825
0.80612236,0.027907806,0.8317601,0.08681917
0.81530803,0.025971385,0.8404873,0.08932446
0.8069391,0.027274832,0.8397772,0.090224534
0.81744576,0.025736947,0.84464306,0.08929127
0.805508,0.026056305,0.84513575,0.0892012
0.830535,0.026704712,0.82654786,0.08580862
0.81149817,0.02834596,0.83003527,0.087474555
0.82129043,0.027599642,0.8299211,0.0881614
0.82921886,0.026541697,0.8283643,0.08662028
0.8156167,0.026047168,0.83716536,0.0871124
0.8195408,0.026519747,0.83326495,0.087271675
0.8253659,0.025678994,0.83425707,0.08713525
0.81970984,0.025182912,0.8444977,0.08866106
0.8404089,0.027756559,0.8189948,0.08606941
0.8345221,0.029308138,0.8135096,0.084435634
0.811425,0.025945248,0.845459,0.08939342
0.81320184,0.027954562,0.8327488,0.088663146
0.8252115,0.026629878,0.83030105,0.0863738
0.8178948,0.028474616,0.82278985,0.085460536
0.8186564,0.028888602,0.82244813,0.0864296
0.82725024,0.026597518,0.83420026,0.08799129
0.81028897,0.025727548,0.8448246,0.0886059
0.8028263,0.027082736,0.8395254,0.088037476
0.81846184,0.02700618,0.8333516,0.087761514
0.82132596,0.028247103,0.8270814,0.08717741
0.8194156,0.02854969,0.824208,0.087375425
0.81793,0.027345903,0.83263636,0.08743942
0.81704915,0.026219776,0.8329291,0.08616043
0.8216816,0.02747615,0.8330828,0.086564556
0.8322549,0.029754154,0.81329244,0.08619069
0.81391126,0.02606616,0.84073776,0.087852
0.8237115,0.028167136,0.827713,0.08868537
0.8205647,0.028337546,0.823797,0.086338446
0.8174046,0.028459786,0.82827276,0.088602625
0.82346696,0.028951202,0.82021075,0.085236154
0.8159019,0.027191736,0.8385914,0.08915457
0.8101711,0.025660181,0.845377,0.08965979
0.8092307,0.027097972,0.8370447,0.08833149
0.8264927,0.02587582,0.83802295,0.08823765
0.79112655,0.022770336,0.87813705,0.09332012
0.8192155,0.026738515,0.8313284,0.086214386
0.8186447,0.027564408,0.82518095,0.08570741
0.8197343,0.028577613,0.8244409,0.08691528
0.815676,0.025243463,0.8491196,0.091091074
0.823311,0.026169721,0.8359437,0.0875501
0.8129267,0.02646917,0.8387931,0.08760312
0.8231358,0.027636213,0.8307576,0.087794125
0.81939304,0.0279424,0.8250564,0.085356645
0.8176408,0.02585484,0.8419714,0.08820442
0.8268018,0.027528562,0.828867,0.08844063
0.8209198,0.028821971,0.82411295,0.08857143
0.8048946,0.027576897,0.8434002,0.090280116
0.8345368,0.030063717,0.80730855,0.08365524
0.82592213,0.025791623,0.83084327,0.08430623
0.8351208,0.02947481,0.8131356,0.08661784
0.82615733,0.027245112,0.8284601,0.08626264
0.81293386,0.027320858,0.82938164,0.0877339
0.80939853,0.027813874,0.83344805,0.086919025
0.80282474,0.025674392,0.85173213,0.09104324
0.8158121,0.027135037,0.83148426,0.08679792
0.8184809,0.026238605,0.8385143,0.08750157
0.81491256,0.025705382,0.84009427,0.08714208
0.8165719,0.02831156,0.82564366,0.087427415
0.81282,0.025985425,0.8370897,0.087585725
0.8196837,0.027131626,0.83179826,0.08764854
0.82897055,0.028271763,0.82272154,0.08626791
0.8367217,0.029550564,0.80942315,0.083478816
0.83926755,0.0279233,0.8195829,0.086335585
0.8192447,0.026348857,0.83762455,0.08807395
0.82877505,0.02752324,0.82721174,0.08770646
0.82209873,0.026105141,0.83558416,0.086959735
0.823569,0.028997395,0.8162439,0.08669565
0.81911445,0.028718231,0.8267788,0.088297844
0.82414806,0.028943995,0.8193346,0.08669312
0.8306674,0.026588818,0.82653373,0.08664407
0.81577164,0.025866382,0.84142464,0.08826644
0.8233948,0.027019808,0.83398265,0.088566974
0.8200157,0.0249839,0.8473899,0.090045735
0.8154822,0.0279654,0.8284316,0.08741059
0.8219042,0.02601912,0.8381353,0.08843569
0.81075394,0.026156709,0.8418473,0.08928626
0.79299915,0.026900169,0.84815526,0.08890118
0.82355034,0.028146232,0.82819146,0.08781334
0.81033087,0.027728798,0.8355933,0.0897812
0.8207329,0.02765865,0.8272553,0.08588541
0.8177329,0.027855717,0.82298315,0.08625
0.8256194,0.02753873,0.8242281,0.0858846
0.81836027,0.028212462,0.826474,0.085537426
0.8322504,0.02839652,0.819111,0.08636954
0.8438074,0.029599054,0.80480105,0.083843775
0.81493515,0.025858797,0.8369222,0.08703995
0.8051973,0.02527517,0.85217834,0.09026003
0.8174678,0.028380664,0.82491213,0.088167146
0.8334818,0.027511103,0.8209759,0.08496008
0.8142998,0.02815052,0.8331898,0.08903372
0.80032456,0.025656266,0.8520957,0.09044936
0.80610305,0.026542893,0.8443375,0.08867632
0.81656986,0.027645024,0.8265517,0.08747345
0.81362325,0.027098017,0.8367249,0.08794039
0.80909765,0.026442867,0.83866924,0.08728876
0.8317791,0.027226124,0.8279712,0.0863276
0.8176371,0.029101824,0.8195543,0.08640047
0.8290264,0.028180113,0.82091343,0.085645765
0.82987106,0.025455441,0.8375253,0.08681522
0.82587916,0.031021992,0.8028933,0.08390486
0.82009286,0.027532114,0.83007586,0.08743189
0.8266386,0.028954653,0.81341743,0.083547726
0.82034856,0.02534233,0.8412017,0.087889224
0.822143,0.028939813,0.8225591,0.08655009
0.8148498,0.026262064,0.83942854,0.08871749
0.82319665,0.02878241,0.8280964,0.08767876
0.80734825,0.026787398,0.84177685,0.08956315
0.81800157,0.026803868,0.8319885,0.08680659
0.82883894,0.026391177,0.82939225,0.08692953
0.8266771,0.029279992,0.8203015,0.0869298
0.80997795,0.026092548,0.8436237,0.08895253
0.8215682,0.02712128,0.83314455,0.08771836
0.80555636,0.026665514,0.8444305,0.089906275
0.80105656,0.026277848,0.8486178,0.08902719
0.8053902,0.023589559,0.8637683,0.0925936
0.82216233,0.02886988,0.8180481,0.086382076
0.82582796,0.024630649,0.8427447,0.087247275
0.83048123,0.028732743,0.8164317,0.084347025
0.8208962,0.027223567,0.82829666,0.085560516
0.82767457,0.0300419,0.81630677,0.08712526
0.81423277,0.0260017,0.83596003,0.08673396
0.8278891,0.028484888,0.81718594,0.08488462
0.81899726,0.028005168,0.829039,0.0873793
0.8088497,0.025877621,0.8485851,0.090877965
0.8111361,0.02848133,0.82908314,0.087424956
0.81475526,0.0267941,0.8393771,0.0895528
0.83263236,0.026718067,0.8239663,0.0857144
0.82427084,0.029410362,0.8146438,0.08499037
0.824649,0.026653068,0.83263814,0.08850196
0.81268317,0.026907928,0.83870095,0.08979013
0.817839,0.02734293,0.82896507,0.08812566
0.83539975,0.027676944,0.8228518,0.0866235
0.8332494,0.030216612,0.8035719,0.08355802
0.8078079,0.02723344,0.8392116,0.089448854
0.8336148,0.026977202,0.8246494,0.08638014
0.8084939,0.028246194,0.83457696,0.08917228
0.82905346,0.025960186,0.82999563,0.08572011
0.8173154,0.025919003,0.84119624,0.08836677
0.8160519,0.027460814,0.83921146,0.0894692
0.81086814,0.028407898,0.8271811,0.08562608
0.8039829,0.02584679,0.8469716,0.08932519
0.8315341,0.02791204,0.82025415,0.08546486
0.8232758,0.027082123,0.83009243,0.08628333
0.8104842,0.027624758,0.83945864,0.08993226
0.8439898,0.025246859,0.82784426,0.08593939
0.80827594,0.027583927,0.8325853,0.08756361
0.8086317,0.027880093,0.83392745,0.08772018
0.8003824,0.026060617,0.8469791,0.089372076
0.8104034,0.02717863,0.8347256,0.08730333
0.81243265,0.025164444,0.85031235,0.08945551
0.8166615,0.024705783,0.8470594,0.08832258
0.8295844,0.026689855,0.8308262,0.087406866
0.8233826,0.025226558,0.8402063,0.08748457
0.8169476,0.029096643,0.8261829,0.088908635
0.80890816,0.02676413,0.83772796,0.08788952
0.8136237,0.025938217,0.8414117,0.08872502
0.80537903,0.025765415,0.8480781,0.088745415
0.8041459,0.023438143,0.85994023,0.08952897
0.8176939,0.025728388,0.83793044,0.0877032
0.80495894,0.02660124,0.8447908,0.08979518
0.8313141,0.027831161,0.81881464,0.08543474
0.81049496,0.026103884,0.8472801,0.08928596
0.81920874,0.025897656,0.83714694,0.08747823
0.8258641,0.028604414,0.8252872,0.08784819
0.82928973,0.02565837,0.83104956,0.086874545
0.8252862,0.025498308,0.8363563,0.08706174
0.80667466,0.025466915,0.8469019,0.0882628
0.8150522,0.02650572,0.8395598,0.08899289
0.823579,0.029207787,0.821947,0.08725893
0.8222071,0.02821514,0.82410043,0.08600533
0.81792945,0.027430164,0.8375757,0.0891699
0.8121534,0.027679075,0.83953786,0.089717865
0.81273043,0.027914114,0.8316028,0.087847784
0.81208885,0.02747836,0.8342294,0.08886757
0.8105195,0.02691858,0.83705086,0.087609425
0.8104716,0.026423972,0.84418476,0.088782325
0.80310744,0.025032362,0.859948,0.09216817
0.8384032,0.027340975,0.8184347,0.084752165
0.8176141,0.02610274,0.83737147,0.08731084
0.8127806,0.02803408,0.83277017,0.08798177
0.82983726,0.029071152,0.8137596,0.08573555
0.8184575,0.025468713,0.84139615,0.08831993
0.79737395,0.024319839,0.85731274,0.090316646
0.8191319,0.028773252,0.8224673,0.08638105
0.8206551,0.027121745,0.832787,0.088162854
0.8109376,0.026411219,0.84193087,0.08968617
0.82317895,0.028983308,0.82071036,0.0860572
0.8206922,0.027827704,0.82291776,0.08541136
0.8183804,0.025265405,0.8442238,0.08796591
0.82131964,0.02696818,0.83170635,0.08676814
0.8198388,0.025766712,0.8389778,0.08732892
0.8172595,0.026879748,0.83012617,0.085817866
0.8277568,0.027365398,0.8252005,0.085923985
0.82616824,0.027094355,0.827413,0.087042496
0.81819606,0.02668572,0.83591384,0.08879702
0.80909073,0.025978308,0.84471375,0.0896993
0.8180286,0.027977325,0.8251854,0.08694901
0.81027246,0.027081432,0.8372125,0.08858294
0.8191521,0.027195431,0.83198905,0.08740818
0.81562304,0.026792822,0.83642405,0.08784188
0.80778307,0.026137987,0.84028995,0.088118665
0.8231634,0.025450964,0.8427012,0.089691706
0.81142837,0.025964413,0.8399176,0.0872165
0.8120578,0.02590438,0.8381262,0.08761524
0.81576943,0.025620904,0.84022605,0.08793603
0.8164808,0.027574569,0.8322011,0.08797354
0.824465,0.026708595,0.8325314,0.088838525
0.81293434,0.026742565,0.83335596,0.08663459
0.8208382,0.026127433,0.83995825,0.08976119
0.82895344,0.029102637,0.8166746,0.08498411
0.8197536,0.028122386,0.82610166,0.08834937
0.8099847,0.027613457,0.8330154,0.08681278
0.8047597,0.02580705,0.84874356,0.09014996
0.8162401,0.027398111,0.8357058,0.08898727
0.79813606,0.025503537,0.8516931,0.08972798
0.81040674,0.027908884,0.8292123,0.087457225
0.8148981,0.028574819,0.8253489,0.08783099
0.83298516,0.029127425,0.8166466,0.08690562
0.80520165,0.026537236,0.8415582,0.08767355
0.8269328,0.026674397,0.8263546,0.086081825
0.80823374,0.026280591,0.84170866,0.086919874
0.8119982,0.026794763,0.84009665,0.08929382
0.8320657,0.02929182,0.8158377,0.08654939
0.8365905,0.028375251,0.8180025,0.08530245
0.825775,0.02490065,0.8442862,0.0868581
0.8221493,0.027495626,0.8262999,0.08643494
0.8196551,0.026473384,0.83227915,0.0854943
0.81765175,0.024098855,0.8532803,0.088341005
0.8211886,0.027998857,0.82640034,0.08762246
0.8091808,0.02620674,0.84449387,0.09004142
0.8315373,0.028633831,0.8192195,0.08668203
0.81654024,0.02578824,0.8375457,0.0863952
0.8216185,0.027472392,0.8307722,0.087772965
0.83396685,0.02707732,0.822899,0.08500362
0.8229044,0.028581169,0.8229986,0.08708926
0.8173833,0.025828335,0.8388165,0.087868504
0.85160524,0.028105186,0.8102831,0.084571205
0.8175475,0.027391193,0.83714324,0.089500055
0.81291586,0.026922008,0.8385571,0.08853719
0.80121505,0.023418441,0.8616596,0.08961448
0.82290184,0.027604552,0.8292769,0.08808514
0.8222193,0.029547421,0.8236692,0.08798957
0.8126602,0.02693804,0.8353409,0.08796293
0.8179446,0.025611883,0.8478236,0.09030864
0.8063494,0.025766393,0.84716386,0.089039415
0.82630503,0.028608173,0.8193936,0.08603771
0.8078989,0.026153479,0.84167975,0.08826989
0.82501775,0.026956866,0.8279828,0.08572787
0.80950797,0.025540033,0.845804,0.08829464
0.83298105,0.028260058,0.8139934,0.08330586
0.8015732,0.02546519,0.84985036,0.09009697
0.8224462,0.028650725,0.8235072,0.086410336
0.814798,0.026765853,0.8371088,0.08841159
0.8335081,0.02826768,0.8121004,0.0837485
0.81863153,0.028130487,0.818542,0.08529299
0.8203848,0.027433963,0.82768434,0.087589815
0.8193666,0.024720661,0.8452101,0.08777282
0.81475693,0.027586367,0.8336077,0.08725722
0.8173173,0.027419427,0.8358104,0.08965288
0.79659605,0.02633165,0.8502194,0.08964096
0.8074433,0.026849857,0.8388383,0.08824674
0.8302856,0.026542444,0.82892245,0.087172836
0.8354087,0.028098352,0.8218498,0.086348966
0.80775976,0.026354179,0.84546477,0.08952287
0.81178933,0.027335577,0.8322659,0.08760399
0.81017697,0.02721602,0.8423465,0.09061961
0.80192757,0.025571827,0.8533158,0.089433715
0.8291501,0.028331196,0.81938267,0.08600205
0.8117255,0.02638418,0.84486717,0.08953213
0.8216895,0.026552387,0.8348758,0.08776282
0.8304711,0.027582802,0.82123965,0.08610757
0.82285064,0.026645895,0.82894045,0.08562277
0.8331338,0.02620767,0.82559234,0.0856877
0.80891544,0.025819419,0.84741014,0.089979745
0.8256091,0.02735286,0.8276757,0.08788275
0.81748545,0.027272874,0.82939404,0.08678114
0.822994,0.028687451,0.82098377,0.08697155
0.8323647,0.026333584,0.82969135,0.085348606
0.8148582,0.026186697,0.8441035,0.09071954
0.81812364,0.027565932,0.83036,0.0875447
0.8121634,0.02588134,0.8395636,0.08586533
0.8309886,0.02801964,0.82803226,0.088348694
0.82427526,0.026493812,0.83270645,0.08596189
0.82307386,0.027150102,0.83044225,0.08754854
0.8134166,0.026920795,0.8410344,0.089774735
0.80558616,0.026422782,0.84338695,0.08920513
0.8209256,0.026846746,0.83278674,0.08759593
0.811891,0.02689262,0.83090675,0.0874375
0.8145957,0.028241366,0.8327709,0.089669235
0.81142384,0.026724145,0.842916,0.089712195
0.8166341,0.026994096,0.8326512,0.08788055
0.82060987,0.027202066,0.8287957,0.08585315
0.80894285,0.027408903,0.8370488,0.08816515
0.8292226,0.027623223,0.82375133,0.0860571
0.8096183,0.025610264,0.8443591,0.088914104
0.8171722,0.025337249,0.84485316,0.08881326
0.82218146,0.028058995,0.82761955,0.086318664
0.83722734,0.030151945,0.80629367,0.08392603
0.81283146,0.024982773,0.85312855,0.09026012
0.828767,0.028151512,0.82648516,0.08787841
0.8325049,0.02874551,0.8149244,0.0855566
0.81862,0.02568562,0.84322935,0.08886837
0.80514497,0.026279306,0.8447927,0.08927809
0.8164685,0.027749056,0.8265262,0.086924165
0.8210584,0.027942214,0.82925415,0.088552475
0.8266006,0.027269162,0.83106524,0.08752669
0.8211837,0.028184084,0.82089955,0.08588849
0.81505966,0.024287129,0.84986544,0.09036709
0.8310447,0.03000391,0.8152071,0.08557039
0.8174367,0.026817216,0.83744484,0.08923046
0.82709676,0.027136758,0.8285956,0.0871702
0.79910994,0.025952809,0.8450074,0.08831719
0.8205004,0.025992595,0.8366343,0.08792783
0.8163761,0.027267778,0.832923,0.08773085
0.82718736,0.02746304,0.8282344,0.08607674
0.8217153,0.025830539,0.8402078,0.08924814
0.82393813,0.026684485,0.83316046,0.08792253
0.8305609,0.025913361,0.83228475,0.086276755
0.80467534,0.026429523,0.84318674,0.08826718
0.81706053,0.0258822,0.83936185,0.08686462
0.8009223,0.02447636,0.85213155,0.087641746
0.82523143,0.026393058,0.8331541,0.087574154
0.8114449,0.02642534,0.8406177,0.08890319
0.8211809,0.025255088,0.84559435,0.088252865
0.8392268,0.028103659,0.81640077,0.08577972
0.803754,0.025240207,0.8527353,0.09091216
0.81392306,0.02720475,0.8363757,0.090064175
0.81781167,0.027045935,0.83554715,0.08772426
0.82671124,0.027250322,0.82821167,0.0854434
0.81489336,0.025964018,0.8413153,0.08840599
0.8180447,0.028685248,0.82391363,0.08675377
0.7958103,0.025202373,0.86146885,0.09200822
0.81845176,0.031002486,0.8161482,0.08589142
0.8119966,0.027991956,0.83349395,0.08835205
0.8325938,0.029105926,0.81461436,0.08466094
0.8288708,0.027210439,0.82953835,0.08702191
0.8113042,0.029135684,0.8292368,0.08870271
0.82466114,0.025698164,0.83275586,0.085582875
0.81756175,0.02696321,0.8306231,0.08793825
0.81706446,0.025891814,0.8480468,0.09106625
0.8189725,0.027891988,0.82839596,0.08624521
0.8165336,0.026061034,0.83766085,0.08701403
0.8117307,0.027038045,0.8335229,0.08745047
0.82802516,0.02616156,0.8267173,0.08436066
0.823214,0.028211877,0.8287051,0.08786061
0.79589826,0.024821242,0.8600429,0.09154997
0.8172884,0.026707182,0.8369642,0.08708652
0.8080184,0.02705105,0.8347611,0.087162055
0.8183532,0.028549323,0.82446265,0.08592044
0.82184714,0.026244989,0.8325216,0.08574281
0.8352153,0.029516188,0.80950725,0.083876304
0.8253364,0.026335863,0.8329951,0.087060824
0.8231518,0.02696355,0.829364,0.08659558
0.834699,0.027407989,0.819324,0.08409007
0.81742245,0.02666252,0.8397407,0.08977172
0.8311074,0.029288746,0.81071085,0.085215144
0.80424935,0.025001155,0.8483484,0.0870694
0.82892925,0.025640056,0.83768183,0.08668577
0.8200201,0.02673058,0.83135486,0.08622012
0.8156615,0.029005097,0.826049,0.08768614
0.8244006,0.029677851,0.8187078,0.08662379
0.8033364,0.028902875,0.83304685,0.08943508
0.80957675,0.026868222,0.84177184,0.089589104
0.8205018,0.026867755,0.82710993,0.08555189
0.8434118,0.028125945,0.8124345,0.08318989
0.81278425,0.026572697,0.8373565,0.08713155
0.80942893,0.025730824,0.8460071,0.09004013
0.81815577,0.02847718,0.8277242,0.08916035
0.80495554,0.025291387,0.8458933,0.087374315
0.82533187,0.027605059,0.8296203,0.088537015
0.82578,0.029400442,0.8188874,0.086081475
0.83011895,0.030073825,0.8119831,0.08676409
0.8212034,0.02722754,0.8313605,0.0878746
0.8141205,0.028189354,0.82731,0.087200545
0.811834,0.02770907,0.82967967,0.08764427
0.82390505,0.028397964,0.82136685,0.086023785
0.8169526,0.028879283,0.8300684,0.088406555
0.8323791,0.027965374,0.8185712,0.08408291
0.8046932,0.023418324,0.8589649,0.08891171
0.8099771,0.026794208,0.83473283,0.086698435
0.8357629,0.028296553,0.8178189,0.08453044
0.81651706,0.026854798,0.83229375,0.08807672
0.80626774,0.02507121,0.85021216,0.08881222
0.82697695,0.026686624,0.8327576,0.08723419
0.8252922,0.027842026,0.823299,0.08688956
0.8194723,0.028269459,0.82711416,0.08773357
0.81143886,0.027219193,0.83814687,0.0898587
0.82040554,0.028576542,0.8177828,0.08569824
0.81496257,0.025803894,0.84242505,0.08782264
0.82124406,0.026834855,0.83732885,0.08823729
0.83457214,0.029544892,0.813371,0.08522239
0.82892495,0.02709675,0.824467,0.0866838
0.8216882,0.027557423,0.83195627,0.08784858
0.82409453,0.02561076,0.83460754,0.087306395
0.81206876,0.026565373,0.83753324,0.08767504
0.8149391,0.026881684,0.8269237,0.08536185
0.80459344,0.026034063,0.84175575,0.08699876
0.80491656,0.024428515,0.8533256,0.08876669
0.8074987,0.027598208,0.8335869,0.088350825
0.8209483,0.025339298,0.8415626,0.08768763
0.82073206,0.026233332,0.8283834,0.085451715
0.8196687,0.02763535,0.82551765,0.08620742
0.82719535,0.028161481,0.82304424,0.086840145
0.81728613,0.025814163,0.8397424,0.08767832
0.8068964,0.027127475,0.8410671,0.08994772
0.82088315,0.027122663,0.8329383,0.088405125
0.80921394,0.025687255,0.8433105,0.08811198
0.81597924,0.02823063,0.8308442,0.0886875
0.8231732,0.024840668,0.8440087,0.08697676
0.8389142,0.028772812,0.81362224,0.085435316
0.8316939,0.02760802,0.8262586,0.08737059
0.82613647,0.029092181,0.8200726,0.08684628
0.8374606,0.03001687,0.80186915,0.083156556
0.810399,0.025102424,0.8542443,0.09023221
0.81680006,0.02709336,0.8330473,0.0879705
0.82523483,0.025588915,0.8399969,0.089203835
0.8179696,0.027615275,0.8259184,0.08631377
0.81747735,0.026139652,0.8434942,0.089058116
0.80555415,0.027923446,0.83748156,0.09041269
0.80566823,0.025909025,0.84741527,0.089336194
0.8346771,0.025514878,0.8250729,0.08400741
0.81911707,0.026011007,0.8366202,0.08859483
0.8114133,0.025457062,0.8463256,0.08885217
0.82853985,0.029188858,0.81651497,0.08611416
0.83021194,0.02941941,0.8076412,0.08310623
0.8281849,0.02694039,0.82928085,0.08767914
0.8112121,0.028011657,0.8309433,0.08815981
0.8022245,0.025248507,0.8501765,0.0896123
0.815225,0.028660597,0.82785064,0.08819062
0.81416225,0.025503207,0.84739006,0.089888185
0.82256794,0.027938884,0.823117,0.08632581
0.8202415,0.027914062,0.8260205,0.086157754
0.8110545,0.027480174,0.8346268,0.08911315
0.8068131,0.025415618,0.84820664,0.09045079
0.81996745,0.027543155,0.83020586,0.087737
0.8189231,0.027328866,0.832026,0.08706803
0.81316066,0.025921382,0.84432757,0.08926277
0.81212544,0.027185902,0.83607197,0.08875957
0.8355048,0.025296899,0.832892,0.08665459
0.8181647,0.027634323,0.8278789,0.08672391
0.81305397,0.025608256,0.8364672,0.08562796
0.8180025,0.029400434,0.82377154,0.08784454
0.8260254,0.028024008,0.82444465,0.08794903
0.8223155,0.028869186,0.8228457,0.08719346
0.8216371,0.026853083,0.83259666,0.08708746
0.8111083,0.02559957,0.8479673,0.09046992
0.8169219,0.026276952,0.8377465,0.08824466
0.82611245,0.025581382,0.835041,0.08593246
0.824681,0.030335745,0.81915796,0.08835879
0.8061257,0.025961503,0.84990066,0.09049687
0.8008093,0.027539039,0.8378111,0.08885257
0.8091957,0.02944001,0.8255839,0.088968374
0.8144741,0.027115699,0.83231354,0.08808113
0.81877774,0.025147015,0.8424548,0.08784961
0.82277554,0.026399005,0.82791364,0.08590284
0.8040424,0.025840487,0.8450311,0.08807428
0.82015693,0.03020076,0.81928825,0.08697875
0.8198546,0.026887594,0.8365511,0.086690046
0.8103147,0.028705137,0.8317033,0.08937501
0.81690127,0.028742446,0.8229169,0.08676854
0.8250696,0.027389392,0.8275743,0.085396826
0.80404794,0.027250327,0.83822435,0.08783884
0.82358664,0.027098456,0.8328361,0.08810801
0.83542573,0.027086623,0.81915325,0.083494656
0.8144827,0.028942306,0.830208,0.08939871
0.82694995,0.027900083,0.8282264,0.08911753
0.81649405,0.028154325,0.83240676,0.08934734
0.81387115,0.025353547,0.8430755,0.088319525
0.8129996,0.027016722,0.8393601,0.08933626
0.8153647,0.027800614,0.83285695,0.088258795
0.822712,0.027892089,0.8249031,0.085659996
0.82468593,0.027410964,0.8287687,0.087595955
0.83456105,0.027128793,0.8216448,0.08402676
0.8201771,0.02521096,0.84420043,0.08890058
0.80924714,0.025452627,0.84110755,0.087524705
0.8388568,0.027953828,0.81884706,0.084082976
0.82519233,0.027686989,0.8206602,0.084818974
0.8025091,0.024414344,0.85917956,0.09020771
0.8186864,0.027154705,0.83557373,0.087161966
0.81867766,0.02787237,0.8279181,0.08673828
0.82709444,0.026754579,0.8272067,0.08662901
0.81082183,0.02853957,0.8302587,0.08847922
0.8327653,0.02878252,0.8168033,0.08545116
0.81243587,0.029218387,0.82619435,0.08801785
0.79807526,0.024866508,0.85699064,0.090910345
0.79224116,0.026937693,0.84751743,0.08904816
0.828166,0.026893063,0.82812613,0.08641776
0.8169701,0.028073488,0.8297796,0.088356
0.8110178,0.027741713,0.838443,0.08946509
0.82054704,0.024872407,0.8418465,0.087066576
0.8036242,0.022878055,0.86620593,0.09135735
0.8263734,0.028246384,0.82174957,0.08488677
0.8250925,0.026748085,0.82672566,0.085886054
0.81062734,0.026437217,0.84091604,0.08927875
0.8349786,0.027518101,0.8229162,0.08650802
0.83972985,0.029412614,0.805025,0.082075566
0.80793476,0.026644612,0.8371112,0.08813276
0.8068219,0.024976829,0.8530462,0.090306416
0.8084663,0.026888069,0.8390571,0.087140195
0.82233363,0.027305366,0.8252814,0.08614005
0.8205277,0.026490843,0.84072673,0.08919688
0.84724444,0.030661743,0.79954684,0.08238183
0.81556827,0.026766593,0.8397595,0.088533364
0.80202186,0.02738676,0.8414436,0.089477755
0.81019586,0.026190836,0.84090036,0.088726565
0.8191136,0.026559852,0.8393623,0.08861093
0.81161326,0.027427528,0.8368855,0.08870442
0.82984626,0.028813694,0.82134724,0.086288154
0.8193611,0.029642295,0.8218062,0.08658538
0.818084,0.025772223,0.83947736,0.08793768
0.8098561,0.02665296,0.8458546,0.090940565
0.81847066,0.027422808,0.8295093,0.08702683
0.8314711,0.027870996,0.8194623,0.085881665
0.8348164,0.0272785,0.81797355,0.083977856
0.82658285,0.027556568,0.82358783,0.08668302
0.82265127,0.027922148,0.8286799,0.08869209
0.80414695,0.027853273,0.8460934,0.091287464
0.82364154,0.026040394,0.83286566,0.086452335
0.81690526,0.025135038,0.84553254,0.089106165
0.8116931,0.02753701,0.8354098,0.08817286
0.82729435,0.027870743,0.8189472,0.08491885
0.82337207,0.027789356,0.82814085,0.08699333
0.8236443,0.026526982,0.82853705,0.084846415
0.82571274,0.02838318,0.8185915,0.08526477
0.81881684,0.029471353,0.82022864,0.0875168
0.8130302,0.026630158,0.8378446,0.08917157
0.8222644,0.026985377,0.82712615,0.08472364
0.8252415,0.027389796,0.8218953,0.08517647
0.814331,0.026547227,0.8372024,0.08737234
0.82162464,0.027843593,0.82876694,0.08820562
0.8175953,0.025595853,0.8364709,0.08735851
0.8133067,0.02569183,0.84165686,0.08757457
0.8198128,0.026206216,0.8419195,0.08836932
0.797163,0.02462052,0.85955864,0.08962792
0.8221558,0.026346834,0.8345388,0.08755192
0.8156622,0.027258495,0.8347294,0.0880486
0.83736306,0.027567156,0.8208653,0.085277356
0.85274595,0.03054329,0.7948136,0.08248584
0.8229312,0.028875628,0.8230323,0.087795585
0.8286949,0.027374847,0.82297564,0.08645271
0.81778204,0.024661146,0.84883904,0.08833431
0.8267495,0.027891695,0.82053787,0.08538986
0.81704617,0.027175825,0.83357906,0.08738661
0.83014417,0.028038846,0.8235031,0.087756604
0.81836456,0.026439274,0.834613,0.08662224
0.8157714,0.027130844,0.8363067,0.08863912
0.81000924,0.026660224,0.84065914,0.08870593
0.8150948,0.026922548,0.83181554,0.08680566
0.8152362,0.023646014,0.85334873,0.08847739
0.80951226,0.027091803,0.8379164,0.08856772
0.80076784,0.02468237,0.8577012,0.09007485
0.815281,0.028001394,0.82968247,0.0875399
0.82867914,0.025644286,0.83431095,0.08689257
0.8199671,0.02661917,0.83645815,0.08746882
0.8195526,0.0273535,0.83757126,0.08769764
0.78945565,0.024860261,0.86249346,0.09018212
0.81768215,0.027029138,0.83276856,0.08752932
0.81410027,0.027749902,0.83012515,0.08885015
0.8102371,0.026004726,0.834935,0.087165006
0.8093504,0.02679309,0.8408245,0.08904513
0.8148827,0.025980767,0.8369545,0.08693024
0.81280637,0.027268564,0.83345205,0.08732813
0.80985117,0.025541337,0.8435442,0.08736886
0.8220132,0.02747135,0.82763994,0.08602032
0.8187578,0.026531043,0.8336498,0.08703021
0.7976392,0.024849908,0.86194164,0.09291553
0.8314104,0.030815829,0.8105141,0.08605587
0.8118305,0.026957488,0.83452034,0.0880107
0.8194736,0.025686618,0.8428747,0.088912435
0.81606287,0.028971197,0.8209775,0.0854631
0.8170106,0.030102016,0.8203756,0.086743616
0.8220531,0.031359356,0.80596197,0.084723294
0.826571,0.02722652,0.8256545,0.08603433
0.8152844,0.027541691,0.8294271,0.087609135
0.82843095,0.027424075,0.8271321,0.08621194
0.79967177,0.02391476,0.8576906,0.089811176
0.8150164,0.027946698,0.8307205,0.087591864
0.81900996,0.028169822,0.8296098,0.08733885
0.8220616,0.028343905,0.82743204,0.08689435
0.82063276,0.02630568,0.83780676,0.088203035
0.81049275,0.026231963,0.843648,0.08982488
0.80824965,0.027729863,0.83760995,0.08846775
0.8214902,0.02708889,0.8267417,0.08582658
0.8284155,0.02808444,0.8257191,0.086552314
0.8200157,0.027952515,0.8246796,0.08582166
0.8331765,0.028968649,0.80707824,0.08321829
0.81138664,0.026561396,0.8408919,0.089202814
0.818971,0.025289867,0.84894633,0.090191714
0.8251302,0.027194763,0.829568,0.08785568
0.83319885,0.027170837,0.8227221,0.08718296
0.81510335,0.029005367,0.8237552,0.086601466
0.8154583,0.026592774,0.8413346,0.08852583
0.79631245,0.023879703,0.8623356,0.09026617
0.82452136,0.02706379,0.8339676,0.087276734
0.8156003,0.02704773,0.8332809,0.08697076
0.8417619,0.030235313,0.8057001,0.08557104
0.8329788,0.028826453,0.81115663,0.084666125
0.8229195,0.027944406,0.82922864,0.088801146
0.81892866,0.027329687,0.8322645,0.08821439
0.81385237,0.027343374,0.82918334,0.08567583
0.8083424,0.02709086,0.8378722,0.08892027
0.81766206,0.027188372,0.8308126,0.08750236
0.8225912,0.029048828,0.8175066,0.08588656
0.8152051,0.02574681,0.84143335,0.08799003
0.83261806,0.025735933,0.82866925,0.08509659
0.82277966,0.028502226,0.8207111,0.08607522
0.82970446,0.029163906,0.8108316,0.084187984
0.80578125,0.027540825,0.8376982,0.08963006
0.81616884,0.027270267,0.83353245,0.0866768
0.8193479,0.026090179,0.8339515,0.08558989
0.8158663,0.025498861,0.8402332,0.08860037
0.8304045,0.02723048,0.82634205,0.087517254
0.8210981,0.026664866,0.8380651,0.089164324
0.81999874,0.026876193,0.83637947,0.08854903
0.81991714,0.025771178,0.83910406,0.0880663
0.813341,0.024612593,0.8493787,0.0889164
0.8365148,0.027391396,0.8277386,0.08650206
0.804772,0.025685547,0.84550726,0.087712295
0.8046403,0.02484447,0.8527726,0.088175274
0.8210721,0.026936743,0.8325492,0.088286474
0.8144879,0.027668571,0.8339403,0.08842405
0.8274284,0.025240557,0.8370186,0.08709981
0.8002015,0.026014362,0.85045093,0.08992227
0.8289404,0.02755936,0.82692266,0.08679811
0.8149826,0.028013721,0.8288517,0.086771145
0.82970065,0.028412016,0.8177355,0.08665099
0.83335495,0.027907474,0.8206846,0.08585853
0.818548,0.027918434,0.8245105,0.08565393
0.7991507,0.023435254,0.86468834,0.09160038
0.8279166,0.028696371,0.82680684,0.08830369
0.82609427,0.027812475,0.82237285,0.08523125
0.81657994,0.027736489,0.8273006,0.08731674
0.81446534,0.02565823,0.843412,0.08912471
0.82725906,0.028147291,0.81813097,0.085376486
0.8385716,0.029059164,0.8141674,0.08461719
0.8061468,0.024955003,0.852117,0.09034458
0.8021072,0.025826605,0.85081273,0.09020098
0.8155038,0.027503697,0.8288804,0.08623914
0.8083979,0.025074413,0.84697133,0.088448174
0.818028,0.026169254,0.84130913,0.08792234
0.81226766,0.025975008,0.84261423,0.089112304
0.80772436,0.026483068,0.84107023,0.08936587
0.81134397,0.028439641,0.83004576,0.08760813
0.80686986,0.026661497,0.8420868,0.088682115
0.8365058,0.029121196,0.8113422,0.083749995
0.7997591,0.025443599,0.85208505,0.089911826
0.81808525,0.026636139,0.83454233,0.08679626
0.8025647,0.026088642,0.8503035,0.090177886
0.8300682,0.028659243,0.81540126,0.08541063
0.8117987,0.027818032,0.8326325,0.08815968
0.8051145,0.026111286,0.8513128,0.0910154
0.8204484,0.027538894,0.82737476,0.086489566
0.8129468,0.02613949,0.8422178,0.089069605
0.827921,0.027752873,0.82539135,0.08717531
0.8321562,0.026671402,0.82649106,0.086131774
0.81967115,0.026762865,0.8361591,0.08779195
0.82393175,0.027326377,0.82947254,0.08758854
0.8139767,0.027066823,0.8345875,0.08757704
0.83234787,0.028338425,0.8210876,0.08664824
0.82391864,0.026026025,0.83824164,0.08708098
0.8120144,0.026515005,0.83984536,0.088049985
0.81561244,0.029452212,0.82124996,0.08658383
0.81484073,0.027542742,0.8345182,0.08990782
0.8244442,0.026633224,0.83177483,0.08715688
0.8105683,0.03024974,0.8189075,0.08671068
0.8153778,0.026687654,0.83151335,0.08478185
0.81145364,0.028536638,0.82533795,0.087114185
0.81009245,0.026845971,0.83993113,0.089182355
0.84604937,0.027949816,0.8140325,0.08436977
0.81303215,0.025839724,0.84068525,0.08818299
0.8086607,0.027154768,0.8327952,0.08641917
0.8220961,0.028287865,0.8241382,0.08704963
0.81692666,0.026711315,0.842258,0.09103326
0.81609863,0.026836915,0.8406199,0.08917077
0.8180654,0.0317525,0.80798024,0.085740335
0.8061826,0.026186628,0.8440998,0.08959955
0.81251675,0.025870422,0.8516777,0.09198205
0.82626027,0.025777385,0.83321214,0.08736355
0.83072406,0.028555736,0.8173903,0.0854133
0.81633544,0.026017452,0.8386034,0.08799622
0.8274173,0.026633104,0.82174814,0.08464267
0.81190336,0.02547365,0.8463812,0.088405736
0.80712336,0.025281759,0.85172045,0.090041764
0.82276934,0.027741177,0.8240198,0.086507656
0.82582545,0.026534723,0.8283673,0.085991345
0.8096915,0.024750182,0.8531765,0.090503186
0.8168804,0.026423562,0.8381015,0.088621624
0.81736475,0.026016278,0.8398082,0.088023834
0.8275315,0.02774481,0.8245363,0.08790905
0.83245283,0.028577039,0.8162364,0.084909275
0.83696437,0.029309304,0.815572,0.08602376
0.8140372,0.025675273,0.8403792,0.08724193
0.8246353,0.026590195,0.83042413,0.086016975
0.8247326,0.027424939,0.82668316,0.086506
0.82032347,0.027895326,0.8269748,0.08685184
0.82928365,0.028957566,0.8183366,0.08671448
0.81470656,0.02718259,0.8336455,0.08785164
0.8265766,0.027952302,0.81592727,0.08349305
0.82655066,0.028177144,0.8252415,0.08690102
0.8177985,0.026583387,0.83588225,0.088129185
0.8212991,0.026099684,0.836683,0.08700333
0.8267089,0.028624943,0.8189872,0.08528878
0.82477343,0.027453894,0.82498914,0.086172834
0.80589646,0.026005717,0.84052914,0.08761091
0.7992107,0.025869638,0.85228056,0.09122558
0.8096241,0.0282874,0.83286834,0.08825223
0.82697135,0.027134765,0.82719046,0.08640659
0.8103363,0.028041031,0.82924676,0.087318465
0.8256463,0.027806362,0.8251893,0.08728435
0.8257936,0.027946198,0.82209027,0.08557671
0.8151504,0.024781212,0.84507173,0.08718647
0.80366933,0.025256172,0.8583008,0.09095186
0.8073342,0.025135452,0.8468874,0.08919975
0.8101696,0.025496162,0.84923995,0.08944491
0.8257634,0.027191294,0.8291331,0.08653253
0.8271895,0.027455268,0.8273975,0.08697655
0.82243186,0.027065061,0.83519924,0.08798057
0.81313646,0.026162408,0.84273165,0.08919911
0.83053845,0.02836925,0.8176876,0.08531573
0.81278217,0.024764603,0.84995973,0.08968888
0.8232211,0.026760524,0.82827014,0.08639108
0.81264645,0.026708538,0.83446354,0.08710577
0.81035155,0.028566564,0.8247052,0.08759249
0.8163886,0.027501456,0.82913357,0.08594076
0.8238932,0.028153654,0.825919,0.087234065
0.8184694,0.027455393,0.83454263,0.0886981
0.82173955,0.02699837,0.8271308,0.08590676
0.83296984,0.028581966,0.81773883,0.08612525
0.8201614,0.027652698,0.8278751,0.086782694
0.8206397,0.027102333,0.8302672,0.086970724
0.8168905,0.0268992,0.8330061,0.087515086
0.80693185,0.024893094,0.8519204,0.089602455
0.81820774,0.028946528,0.8226962,0.08708487
0.8309859,0.026243724,0.82915694,0.08533119
0.8287765,0.026694164,0.82359874,0.08539475
0.83523846,0.026852103,0.82389295,0.08595494
0.8185967,0.028254647,0.8243538,0.086229295
0.8102178,0.027172657,0.83779895,0.08845041
0.8101854,0.02511027,0.8481629,0.08996786
0.83085984,0.025372438,0.82830244,0.08438822
0.8126285,0.02443406,0.85506845,0.088433854
0.8156848,0.027330514,0.8328824,0.08777822
0.8269296,0.026920917,0.8313163,0.08747481
0.8135299,0.026949346,0.833482,0.08663591
0.80470634,0.025538528,0.8524876,0.090099126
0.80964625,0.027039004,0.834207,0.08716922
0.8149537,0.028093917,0.8319254,0.08793649
0.8098507,0.025363341,0.843032,0.08698961
0.81219625,0.02751578,0.83529615,0.08905251
0.819773,0.027834266,0.8280081,0.08609632
0.8100566,0.027187886,0.8382602,0.088296175
0.8241449,0.027455099,0.82965755,0.08711105
0.8127423,0.028468527,0.82895195,0.08798246
0.8090586,0.027215105,0.83596706,0.08811995
0.8165735,0.026568826,0.8370259,0.08826949
0.80633473,0.025586903,0.8525971,0.08964521
0.821878,0.029259063,0.81546265,0.085132144
0.8293783,0.02972354,0.8155946,0.08570416
0.8189942,0.027780764,0.8307297,0.08680541
0.82260114,0.026155723,0.83809227,0.087999575
0.8344906,0.02883803,0.8187045,0.08615679
0.8009283,0.023811014,0.86157036,0.09086794
0.81746244,0.024952427,0.8409926,0.08677123
0.81439656,0.026160302,0.83373004,0.08546345
0.84108186,0.027756823,0.81534636,0.084311575
0.81496936,0.027359527,0.83080024,0.08693902
0.82707,0.029101929,0.8148764,0.086035766
0.8071465,0.02736858,0.83885103,0.088272795
0.817096,0.025907401,0.8334875,0.086093694
0.8256146,0.029065171,0.82513136,0.08850532
0.8258035,0.02609376,0.8325784,0.08577598
0.81431895,0.025803924,0.84700036,0.089318156
0.80953944,0.026384657,0.8458241,0.09024185
0.8252442,0.028347865,0.82176274,0.08678507
0.8024495,0.025586268,0.8529668,0.09061928
0.8189444,0.027178165,0.83529603,0.089068055
0.79962224,0.023706516,0.8634065,0.09063257
0.81602997,0.027570546,0.835085,0.08854109
0.8285035,0.03049302,0.8076205,0.08393107
0.82399863,0.027901247,0.8265612,0.08705734
0.81758094,0.027519893,0.8392923,0.0899385
0.82556957,0.027500996,0.82683706,0.08623287
0.821784,0.027364647,0.82871306,0.086802185
0.82021767,0.02916556,0.82070935,0.08740059
0.8362182,0.02740303,0.82028687,0.08555725
0.8332841,0.02857161,0.8193665,0.08658241
0.8156519,0.028821511,0.8327225,0.08943124
0.8025987,0.026474653,0.84257835,0.08975505
0.8251677,0.027356885,0.826761,0.08600986
0.80912197,0.02508676,0.84955615,0.08982009
0.81407046,0.026873136,0.84279704,0.09058455
0.82915974,0.029273465,0.81753486,0.085446134
0.8349593,0.030500276,0.804777,0.08459692
0.7996119,0.024800722,0.86116743,0.09172948
0.81437296,0.024336834,0.8516223,0.08906035
0.7995306,0.023808666,0.8561102,0.08830797
0.8190949,0.029340906,0.82402223,0.08836616
0.8156721,0.028314685,0.828988,0.088459454
0.8043051,0.026125547,0.8466304,0.089208364
0.81919533,0.026645985,0.8379413,0.088094145
0.8234514,0.025783796,0.8408705,0.088426836
0.8226036,0.030250253,0.81325465,0.08567569
0.82245976,0.02634336,0.8372023,0.088822275
0.82730556,0.028336992,0.8267939,0.08819933
0.82177675,0.025673388,0.84404117,0.09183988
0.82002664,0.02653614,0.84412885,0.090340056
0.8127761,0.026414417,0.8388001,0.088059604
0.7923192,0.024800155,0.8628356,0.092073195
0.8179298,0.025144964,0.840366,0.087027684
0.8254082,0.02707624,0.8287295,0.0862857
0.81490827,0.026783472,0.83409256,0.08673764
0.79879135,0.027209597,0.8456865,0.09124977
0.82998884,0.028434595,0.81936026,0.08599227
0.8177662,0.026502877,0.832168,0.08602016
0.82031673,0.028195422,0.82290703,0.08590512
0.8242858,0.029137496,0.82254696,0.08801211
0.8143212,0.026413057,0.83943844,0.08781135
0.8309048,0.029693175,0.81235737,0.08540676
0.8200352,0.027195677,0.82930666,0.08607078
0.82263947,0.027399162,0.8244165,0.0858528
0.8196126,0.026373457,0.837424,0.088028245
0.81543237,0.029726204,0.82072836,0.08707662
0.8155604,0.02623853,0.8380005,0.08934237
0.80866563,0.02710519,0.8331543,0.08730352
0.83312684,0.028862398,0.8180664,0.086217865
0.8110084,0.027720312,0.8339885,0.089036845
0.83103496,0.028652705,0.815603,0.08446616
0.81986713,0.026788542,0.82825375,0.087075025
0.83191234,0.028393678,0.81598043,0.085127495
0.82227457,0.028089296,0.82804877,0.08700459
0.8234863,0.027217038,0.82904655,0.086952336
0.8272204,0.026917515,0.83103997,0.08758679
0.8283339,0.024841046,0.84296477,0.08872422
0.81178266,0.027294315,0.83723915,0.08778466
0.82600075,0.028294178,0.8236097,0.08691144
0.8259268,0.02597455,0.8327721,0.08692375
0.8100678,0.026724609,0.83898324,0.08827132
0.8164161,0.027244013,0.827698,0.086173065
0.8220544,0.028593702,0.8199562,0.08570476
0.79971045,0.025912113,0.8450458,0.08813295
0.803994,0.026492888,0.8406145,0.08864478
0.8137522,0.026745364,0.831955,0.08587985
0.8085303,0.027008181,0.83435,0.08732103
0.8337675,0.028059877,0.8229846,0.08655512
0.8177591,0.02899474,0.8207282,0.085494205
0.8186479,0.027038451,0.8334807,0.08869201
0.8193202,0.02770672,0.8301569,0.08754336
0.8314589,0.02874056,0.81468356,0.08475186
0.82865196,0.028131733,0.8244565,0.08661606
0.81043684,0.025021628,0.8473594,0.089143835
0.8256682,0.029369364,0.8163295,0.08538154
0.8069948,0.02778707,0.83983827,0.089516446
0.7997699,0.02461441,0.8634389,0.09217067
0.8172812,0.027034983,0.8350216,0.088304855
0.8101868,0.027274318,0.83828485,0.08968617
0.8122922,0.027799627,0.8306934,0.088857904
0.81980175,0.0279298,0.83064866,0.08824359
0.8287429,0.027591977,0.82629895,0.08612104
0.83897173,0.028482825,0.81274337,0.08392637
0.80511916,0.027937144,0.83788073,0.08902434
0.81320643,0.025761178,0.8433697,0.08850329
0.8111013,0.027537003,0.83854735,0.09007612
0.806632,0.025839427,0.84700614,0.08961194
0.81996655,0.027183704,0.8317756,0.08769749
0.8338229,0.028148405,0.81747717,0.084407516
0.83010674,0.028083323,0.81984764,0.08578397
0.8267042,0.02815836,0.82432085,0.08738598
0.8273575,0.02845024,0.8206618,0.08655242
0.8013537,0.025346259,0.85260767,0.09009826
0.8200655,0.026997522,0.8350238,0.08886068
0.8150832,0.029571172,0.82109636,0.08716351
0.8191018,0.026897686,0.8335206,0.0893258
0.8242954,0.028696343,0.821706,0.086461194
0.8176961,0.027406074,0.8311895,0.086767584
0.816541,0.027209861,0.83066773,0.08672453
0.81624174,0.025889304,0.83987635,0.08764323
0.82050204,0.026986703,0.8356356,0.08862365
0.81935006,0.027605664,0.83332175,0.0886331
0.83841676,0.028085921,0.8213219,0.08672871
0.82078373,0.027177762,0.8342309,0.0877643
0.81539804,0.028170118,0.8308142,0.08863882
0.81537026,0.026785847,0.8391185,0.08730142
0.7918342,0.025285454,0.8623647,0.09279859
0.82995665,0.027502196,0.8284827,0.08709753
0.82175225,0.026450867,0.83367497,0.08600412
0.81832796,0.026842438,0.8330762,0.08834587
0.8215838,0.02683055,0.8365659,0.08795935
0.8034548,0.025752475,0.8477551,0.09021152
0.81735176,0.027467735,0.83635044,0.08909486
0.8491943,0.02910172,0.8071934,0.083741225
0.82588255,0.027110256,0.8293346,0.0865712
0.8186627,0.029485662,0.81961834,0.086630605
0.8256625,0.027187685,0.8341446,0.08782791
0.8143588,0.02745934,0.8371439,0.08920794
0.82291436,0.028616298,0.8201449,0.08633596
0.8288484,0.028273772,0.820388,0.08584525
0.8118326,0.028241003,0.82476515,0.08606851
0.82594484,0.026394498,0.8313564,0.08699026
0.81305456,0.028498583,0.83121145,0.08948072
0.82439953,0.0272056,0.828477,0.08675104
0.824386,0.027280068,0.83465225,0.08802006
0.8101837,0.028132062,0.83422846,0.088883266
0.82442707,0.027215688,0.83163154,0.08799276
0.81491536,0.026186947,0.8418066,0.08787913
0.7987673,0.0270539,0.8449867,0.08882031
0.83310115,0.028061537,0.8152516,0.0844515
0.8254462,0.027719254,0.8253867,0.086709805
0.8234424,0.027702564,0.82626635,0.08625479
0.8176239,0.02607325,0.8368601,0.086678185
0.8374905,0.027602235,0.81912315,0.084676035
0.81969655,0.026311481,0.8347798,0.08799259
0.8223967,0.027092222,0.8318277,0.087346405
0.83332294,0.028147433,0.8227491,0.08557763
0.82196426,0.028298603,0.8250665,0.08622862
0.80450326,0.02662852,0.8425055,0.09004475
0.8156848,0.025887087,0.8436705,0.08852553
0.80556434,0.026277853,0.8420928,0.088323906
0.803085,0.024447048,0.8592856,0.09025254
0.8067955,0.026908988,0.83482,0.08610428
0.8218315,0.0290935,0.8194605,0.08791184
0.8361508,0.029736333,0.8126382,0.086374946
0.8083105,0.026436191,0.8425828,0.088912815
0.8047564,0.026333697,0.84439284,0.089194775
0.8309147,0.02545707,0.83319485,0.085415475
0.822125,0.02535909,0.84095144,0.0873989
0.8231163,0.029713746,0.81292194,0.08516132
0.81691754,0.02934961,0.8260331,0.08852796
0.84083545,0.026215427,0.82168865,0.08450713
0.8236757,0.027502151,0.8284183,0.086970806
0.8208236,0.026812306,0.84145576,0.08942487
0.8144989,0.028130654,0.8305337,0.08796547
0.8058287,0.026622774,0.83560294,0.08831271
0.82144636,0.02655412,0.83386225,0.087387234
0.83143294,0.029624633,0.81694615,0.086637154
0.82068646,0.029941248,0.81859803,0.08734166
0.83292645,0.028112577,0.81970155,0.08464481
0.8169014,0.027051734,0.83997643,0.08968839
0.8208931,0.027498249,0.82319593,0.084797435
0.8163345,0.02454386,0.8452113,0.08846983
0.82478505,0.026605153,0.8301406,0.08651295
0.81089437,0.026858045,0.83938247,0.08790874
0.8188215,0.028217595,0.827238,0.0874462
0.82373416,0.025981177,0.8379038,0.08756155
0.8203587,0.027398137,0.82849526,0.08645866
0.8072627,0.025916444,0.84526545,0.08903649
0.8140798,0.02567078,0.8454015,0.0893758
0.8248145,0.027545067,0.82322425,0.08519731
0.80479187,0.02777881,0.84078425,0.08937026
0.8192948,0.026630076,0.8317308,0.08690166
0.817216,0.028253475,0.8252631,0.08600541
0.8106379,0.02540501,0.8408837,0.08717706
0.8295922,0.024695678,0.840149,0.08738226
0.8378282,0.027346946,0.81836474,0.08374626
0.8054562,0.02528221,0.85194236,0.09071057
0.8255725,0.029276326,0.81562126,0.08438192
0.82706976,0.028129969,0.82531434,0.08714258
0.8245735,0.026323352,0.8326769,0.086457096
0.8114663,0.027553355,0.8353538,0.08868393
0.82277626,0.02472376,0.8417739,0.08720959
0.82182395,0.026811814,0.8280224,0.0859606
0.8327018,0.026170183,0.8329006,0.08679987
0.8082725,0.027339697,0.8374476,0.08862253
0.8230031,0.02621319,0.8325591,0.08583674
0.82125115,0.026907697,0.8278274,0.08668267
0.82382244,0.028446978,0.8256306,0.08648554
0.80864364,0.026624437,0.8438314,0.08886426
0.82988983,0.02819284,0.82425165,0.08767464
0.81784564,0.027144302,0.83211124,0.08797812
0.81170046,0.026364757,0.84110457,0.089462
0.7967028,0.02496356,0.8572545,0.09198216
0.8201931,0.029047728,0.82057226,0.08670181
0.8177718,0.0266557,0.8378396,0.089006096
0.8125691,0.027489236,0.8315243,0.08694066
0.8300267,0.030030563,0.80997884,0.0843544
0.8159074,0.028013362,0.8248145,0.08574209
0.8090894,0.026440004,0.84438294,0.09100437
0.82972485,0.029892046,0.81538355,0.08707672
0.8183385,0.028591882,0.8164006,0.08534079
0.8301035,0.027335102,0.8211969,0.085310966
0.827782,0.028009366,0.8244179,0.08698899
0.82043535,0.027171088,0.8330207,0.08812042
0.8300536,0.028435802,0.81906915,0.08603413
0.82869136,0.028881053,0.81683046,0.08523485
0.80667925,0.028872771,0.8342213,0.08880119
0.7987945,0.027422579,0.84230494,0.0895674
0.8196787,0.02846123,0.8215931,0.08635811
0.8105034,0.025096452,0.8502451,0.09063787
0.8190562,0.027547957,0.8289065,0.08757524
0.81968117,0.025445618,0.8358717,0.08551775
0.8173571,0.025958942,0.837226,0.08726665
0.8234851,0.02876965,0.8192665,0.08609878
0.8279522,0.027237732,0.82619977,0.08694738
0.81297433,0.025691628,0.84094465,0.088271864
0.8095664,0.026559649,0.8419393,0.08836348
0.8189828,0.02826708,0.8294204,0.08801691
0.80402094,0.02577883,0.8469033,0.08899604
0.82893664,0.029314147,0.81643033,0.08608618
0.82260686,0.025559947,0.8423175,0.087467566
0.8205756,0.027353069,0.8247387,0.0858873
0.8269185,0.027192423,0.8257935,0.08583768
0.8073829,0.027896596,0.8340917,0.087749526
0.83513653,0.02895089,0.81143516,0.08452726
0.8252615,0.028993558,0.817474,0.08596619
0.82576525,0.02821201,0.8237784,0.08666293
0.8254175,0.026497304,0.8367762,0.08889441
0.82063913,0.02435873,0.8442627,0.08598663
0.8128794,0.025346361,0.8466784,0.088086165
0.8131991,0.028508913,0.8217796,0.08530432
0.81620413,0.026091553,0.84152335,0.088262714
0.8069086,0.026654059,0.8439255,0.08943039
0.83563256,0.028464671,0.81261575,0.08409939
0.8150349,0.027246,0.83368576,0.089322165
0.82524216,0.025930505,0.8338523,0.08661478
0.80448776,0.028467413,0.83800954,0.089349255
0.8223758,0.02606729,0.83666307,0.08704069
0.8358688,0.027759695,0.81809646,0.084400736
0.82623076,0.0288665,0.8131557,0.08395419
0.797699,0.025170775,0.8560624,0.09047242
0.8261353,0.0272226,0.8336306,0.0901057
0.82460225,0.028337155,0.81815493,0.08534407
0.8176227,0.028948924,0.82180434,0.086616024
0.8188846,0.025406372,0.8423925,0.087592885
0.8136919,0.025758838,0.8467331,0.08962911
0.80225784,0.02545202,0.8545738,0.09035606
0.81530935,0.027134964,0.8340998,0.087390654
0.8131596,0.024870778,0.8496096,0.089627706
0.8140978,0.027698318,0.8357248,0.08884153
0.8255694,0.027149053,0.8260146,0.08630403
0.80913556,0.02644136,0.8418081,0.088503145
0.807216,0.025530664,0.85137856,0.08991155
0.80270505,0.025384042,0.853307,0.090744615
0.8262803,0.028598543,0.81792116,0.08594429
0.809193,0.024708299,0.84752804,0.086908415
0.8177909,0.027450712,0.8252817,0.08499523
0.8314724,0.027585624,0.8235843,0.086937554
0.8211461,0.028285362,0.82202315,0.08713003
0.8291534,0.024989242,0.8411656,0.08744849
0.8194749,0.025407571,0.8433849,0.08879805
0.8144598,0.0262373,0.839749,0.08793297
0.8166712,0.028758602,0.82123965,0.08673359
0.8169704,0.026831925,0.8325778,0.08754468
0.80936134,0.026994059,0.83450294,0.086611874
0.8324595,0.026686057,0.8232398,0.08407924
0.8181517,0.028075302,0.82773525,0.088862695
0.80683124,0.0271762,0.8376658,0.08883202
0.8007235,0.025984218,0.85259753,0.092064105
0.805475,0.027398562,0.84088117,0.08979447
0.831431,0.028172528,0.8214097,0.08578968
0.82429445,0.026863309,0.8331718,0.08712347
0.8187594,0.027021572,0.82753944,0.08563253
0.8164107,0.026776077,0.8359343,0.08827513
0.8192704,0.026230725,0.8358808,0.088273905
0.80603695,0.028238034,0.83482045,0.089131765
0.8218671,0.027235473,0.828255,0.08598925
0.8084696,0.027598405,0.8358994,0.08818026
0.8092809,0.02584076,0.8449601,0.089214936
0.8097926,0.028020168,0.83600676,0.08917617
0.8244737,0.026907628,0.83335125,0.089008
0.8169154,0.029518686,0.8208843,0.086171046
0.8045655,0.026968777,0.84554476,0.08942088
0.82512134,0.029150879,0.8199917,0.08728604
0.8089418,0.027492626,0.8357484,0.08872096
0.830401,0.028892266,0.8120477,0.08388982
0.8164752,0.02782968,0.8301281,0.08740266
0.8262283,0.028464576,0.82096344,0.085010104
0.8222948,0.027080063,0.8279116,0.08705156
0.8346634,0.029242346,0.81063443,0.084253125
0.82255495,0.0264072,0.835752,0.08819555
0.81453156,0.025971496,0.8419056,0.088702686
0.81848663,0.024851313,0.8477897,0.08964382
0.8250069,0.027722703,0.8201115,0.08379635
0.81725395,0.025006408,0.8523411,0.09123742
0.82558346,0.026753016,0.83434355,0.08654501
0.85117114,0.02743881,0.8124601,0.08486389
0.81681526,0.025640832,0.8409223,0.08727828
0.82308006,0.028390875,0.82326245,0.08596343
0.82209677,0.026516795,0.8315616,0.08641586
0.8252781,0.028705342,0.81625026,0.08417052
0.8227994,0.02655892,0.82966346,0.08618818
0.81150866,0.02437571,0.85168904,0.088906154
0.8210136,0.026634336,0.8295474,0.08552678
0.8231984,0.027678493,0.8242926,0.08613956
0.82247376,0.027132766,0.83274996,0.088009946
0.8329012,0.025127394,0.837729,0.0872748
0.82279116,0.028477894,0.8216643,0.08522528
0.8214981,0.02585092,0.8334198,0.085973695
0.8167268,0.02465003,0.8490797,0.08935999
0.8201534,0.029393993,0.8177533,0.0855255
0.819194,0.02659408,0.8365534,0.088150136
0.8088855,0.028456502,0.8358289,0.08924674
0.8156983,0.027357485,0.83720505,0.088968284
0.8196375,0.025923781,0.8374924,0.087745406
0.8324326,0.0271061,0.824162,0.08776673
0.8080793,0.025435282,0.8462485,0.08951568
0.82356304,0.028006462,0.8276653,0.08720656
0.83062744,0.02901745,0.81670606,0.085679114
0.8091679,0.026185874,0.8467317,0.089990065
0.822265,0.026486296,0.83152217,0.08623418
0.8133406,0.026089095,0.84400225,0.090824984
0.8365516,0.029222274,0.80935425,0.084811084
0.8168401,0.027752476,0.82540846,0.086148106
0.8238,0.029434703,0.8224255,0.08951171
0.80973834,0.026542278,0.8338838,0.086273625
0.8189513,0.027477683,0.8286792,0.08705771
0.8139503,0.026611092,0.83620554,0.087055735
0.80651784,0.02691391,0.8466637,0.091241375
0.82466286,0.028766762,0.8226384,0.08674961
0.821267,0.025484366,0.8414455,0.0887713
0.8249754,0.02681435,0.83581924,0.08849342
0.79704005,0.025283525,0.85151196,0.088858984
0.813027,0.02593957,0.84581697,0.08949628
0.83370274,0.028794847,0.8172857,0.08583293
0.8211419,0.025811123,0.8357552,0.08643817
0.81471455,0.026650775,0.83789325,0.08737371
0.8170644,0.026998505,0.8296429,0.085391045
0.8206128,0.028002476,0.8219139,0.08580942
0.8235918,0.028342087,0.8212209,0.08555642
0.81515044,0.029091397,0.82261205,0.08801057
0.8118716,0.026795715,0.83878934,0.08809917
0.8108665,0.025636943,0.8471843,0.08927451
0.82083577,0.027194757,0.8342463,0.08727907
0.8196369,0.027017772,0.83429855,0.08911929
0.8014511,0.02578004,0.85252064,0.09090484
0.80285084,0.025291242,0.850839,0.090057865
0.83317155,0.026129764,0.8288173,0.08546667
0.8160001,0.026015932,0.8389048,0.08717776
0.82598686,0.026953485,0.8311185,0.087229885
0.8128989,0.028763553,0.82977146,0.08893245
0.82242084,0.026925243,0.83023095,0.087721586
0.81515795,0.02546932,0.8491635,0.0897405
0.8167762,0.02746156,0.8315688,0.08651799
0.81616503,0.024334043,0.8513658,0.089098535
0.8194121,0.026070945,0.8355248,0.086393036
0.82337695,0.02877448,0.8182169,0.08522557
0.81315655,0.026825158,0.8347516,0.0870826
0.8279663,0.027568476,0.8258667,0.08618227
0.8052532,0.02523087,0.8521174,0.08929197
0.83025736,0.02741876,0.82973534,0.086763866
0.827076,0.026811015,0.8325295,0.08606297
0.8230175,0.028432183,0.822992,0.08754543
0.8231869,0.026119418,0.83371454,0.08653255
0.8108266,0.027348706,0.84176517,0.089319095
0.81991965,0.028244283,0.827979,0.08782199
0.810829,0.026014157,0.84389377,0.089033134
0.8183662,0.027332937,0.8308588,0.087170444
0.8068429,0.024354538,0.85813975,0.091647916
0.80849004,0.025367096,0.8445121,0.0893181
0.81538755,0.027464945,0.83044326,0.08750674
0.8127235,0.027536176,0.83168834,0.08758297
0.82280934,0.026909122,0.8323597,0.08756695
0.8110342,0.027540602,0.83291537,0.08759731
0.81434697,0.028665414,0.83296627,0.08979287
0.83057874,0.028985284,0.82213134,0.08885989
0.80921155,0.027591392,0.8373704,0.088444695
0.8158279,0.026893223,0.828128,0.08477283
0.81133956,0.028198125,0.8288365,0.08815346
0.8224608,0.028902056,0.8230532,0.08736292
0.8146393,0.02627018,0.83804893,0.087915465
0.8375108,0.026136748,0.8285633,0.08656474
0.81442,0.025688596,0.84160143,0.08772294
0.81939733,0.02857747,0.82290196,0.085986875
0.8091604,0.027413186,0.8386517,0.088537
0.8279035,0.026497526,0.8242297,0.08555466
0.81174254,0.026838087,0.8339207,0.08800147
0.8101846,0.026571563,0.83839434,0.08773817
0.8221226,0.028529372,0.82690144,0.08707446
0.8162644,0.027144717,0.8329626,0.08655354
0.8133257,0.025692118,0.84351456,0.08962072
0.8322961,0.026357157,0.8284774,0.08637882
0.8274751,0.028313944,0.8181802,0.08519566
0.8120876,0.025658939,0.8395302,0.08759431
0.81725097,0.027297016,0.83140415,0.08822091
0.8102391,0.025434155,0.8411311,0.08684772
0.8323268,0.029260458,0.81048506,0.08442209
0.8063993,0.025311956,0.8438221,0.0876745
0.8208349,0.028418412,0.822639,0.086433165
0.82571644,0.028075973,0.8200681,0.08690653
0.8163075,0.026796259,0.83994174,0.087904274
0.8213718,0.027792113,0.8230178,0.086187914
0.8329355,0.027185215,0.82120156,0.08554257
0.813951,0.025788708,0.83964235,0.08763972
0.82665586,0.029244509,0.81453884,0.08356839
0.81157374,0.026547076,0.8368873,0.087345116
0.81269306,0.02705676,0.82821053,0.08628564
0.8138587,0.027442096,0.83891755,0.08955479
0.82684296,0.027822476,0.8254945,0.08777083
0.8139551,0.027990468,0.8315875,0.08750995
0.8119529,0.02580679,0.847916,0.09141548
0.8197602,0.027923128,0.8248369,0.08618416
0.8035102,0.026430393,0.84276235,0.08904009
0.8343021,0.028213121,0.8189686,0.08656951
0.81998265,0.028840374,0.8290536,0.08759197
0.83909935,0.028792089,0.81509304,0.086074956
0.8135454,0.028493047,0.8284206,0.08772735
0.8072771,0.026603479,0.8464607,0.08947791
0.8249361,0.027597392,0.8244828,0.0869942
0.8075539,0.02537113,0.8462649,0.08863326
0.8163812,0.02484678,0.85097915,0.08918569
0.8292406,0.027913695,0.82166505,0.08469544
0.8192938,0.02595445,0.839158,0.08864508
0.8312139,0.028759528,0.8178755,0.08587974
0.80674255,0.025158133,0.85012877,0.08970529
0.81098014,0.023590824,0.8584701,0.09027441
0.83129346,0.028418282,0.8225075,0.087528944
0.81036824,0.02759205,0.833601,0.0869764
0.80189705,0.026377412,0.84895986,0.090584725
0.81365144,0.026316801,0.8410443,0.0899575
0.8183251,0.028344046,0.82568717,0.08684406
0.82629377,0.028711488,0.8281152,0.08832016
0.81936467,0.027834028,0.82878226,0.08736717
0.8072276,0.025050452,0.85156494,0.08936161
0.82129765,0.028704185,0.8180285,0.08471087
0.8287436,0.027275644,0.82851934,0.08718855
0.7913538,0.0234449,0.87276983,0.09260608
0.80646324,0.023308484,0.8610159,0.090803206
0.82195085,0.027075214,0.836555,0.08856244
0.78989404,0.024320848,0.86640775,0.09228613
0.8247625,0.02811438,0.8189036,0.08480409
0.8012517,0.02685535,0.8453905,0.089469634
0.8083702,0.026249325,0.8410537,0.08871897
0.8156335,0.02858823,0.8257509,0.087720975
0.807152,0.025669709,0.8466546,0.09041506
0.8179067,0.027857862,0.82940155,0.08794196
0.80912983,0.027496217,0.8318906,0.08667153
0.81439006,0.027320819,0.8267992,0.084837966
0.81727827,0.029299013,0.8260974,0.08828094
0.80567926,0.026595127,0.8478138,0.08953975
0.8218961,0.027163886,0.83064014,0.08690502
0.8169688,0.02863054,0.8254466,0.0875015
0.81203705,0.025283374,0.84427315,0.08844149
0.8131156,0.027680224,0.8299121,0.086573616
0.8389042,0.029965114,0.80487543,0.083793156
0.8213338,0.027620655,0.826555,0.08627011
0.8222742,0.026515018,0.83626485,0.0879272
0.8085074,0.025455097,0.8492064,0.089481175
0.8202685,0.028634144,0.8253021,0.08715085
0.8036702,0.027862584,0.8412273,0.09062631
0.82010096,0.028768389,0.8226105,0.0861464
0.8016658,0.025724033,0.850271,0.08981968
0.8237582,0.028423676,0.82321674,0.08792775
0.80693007,0.026243992,0.8436001,0.08958916
0.8105657,0.027903063,0.83675766,0.08915799
0.82128245,0.026957849,0.8324621,0.08735574
0.8173182,0.027281389,0.83061945,0.086119354
0.8171286,0.024520272,0.84898245,0.08870379
0.8341414,0.027418276,0.8246089,0.08586187
0.8291553,0.028950166,0.8162213,0.085794136
0.83434695,0.02905387,0.8178189,0.086524546
0.8158825,0.02603398,0.83644634,0.086680666
0.819008,0.02793648,0.82498264,0.08574966
0.8160333,0.02947656,0.8266792,0.08849977
0.80320805,0.027556976,0.8347137,0.08799553
0.8237915,0.028900348,0.8201622,0.08590684
0.81640947,0.02579123,0.8396473,0.08789543
0.82420826,0.029320074,0.8183796,0.087825984
0.8159981,0.027220575,0.8325661,0.08599813
0.81279594,0.0271885,0.8396628,0.09004318
0.8264839,0.02804398,0.8227079,0.08566214
0.81727153,0.026007788,0.8409646,0.0886599
0.8201095,0.027810851,0.8294025,0.08697975
0.81607753,0.02548363,0.83980095,0.08779274
0.8003671,0.025620678,0.8479579,0.08946358
0.81410456,0.025722703,0.8378525,0.08719928
0.8113542,0.02672963,0.8388515,0.0873664
0.8196783,0.026311995,0.8365739,0.088084884
0.8218916,0.028116263,0.8237498,0.08683243
0.8295471,0.02699772,0.83068264,0.08788068
0.81734174,0.027271645,0.83112884,0.08671127
0.82397854,0.027170474,0.8268815,0.08564362
0.8297661,0.028707067,0.81947356,0.08733219
0.79226315,0.026203966,0.8574936,0.09278235
0.816579,0.025494436,0.8494003,0.09044861
0.802285,0.023700118,0.86002547,0.090252906
0.8213941,0.028907638,0.82350504,0.086194
0.8128497,0.028496422,0.8277244,0.08769137
0.8242468,0.02955537,0.8187937,0.08686019
0.81727934,0.026043523,0.84412414,0.08933013
0.8140194,0.02904153,0.8274763,0.088623926
0.7941747,0.025180198,0.85153246,0.08980762
0.8274675,0.026756449,0.832128,0.08734283
0.8190076,0.026076391,0.8387813,0.08796205
0.7987698,0.026362801,0.8454883,0.088461794
0.81123483,0.02546292,0.8538683,0.09084614
0.8086747,0.026930276,0.83947426,0.08765387
0.8240381,0.028187215,0.8206835,0.08596441
0.8245055,0.026377343,0.8401465,0.088911094
0.82562524,0.02912473,0.8228019,0.087156504
0.81668806,0.027567832,0.83255047,0.08840993
0.8206267,0.02655026,0.83262455,0.08724536
0.8159326,0.025876405,0.8393677,0.08843344
0.8094226,0.026974268,0.8414727,0.08777968
0.8231024,0.029613947,0.82127094,0.08703658
0.83487695,0.028626833,0.813094,0.08427506
0.8223589,0.02782066,0.8307087,0.08821237
0.80995387,0.027136188,0.8406479,0.089176744
0.82511294,0.02939105,0.81620926,0.08529545
0.82263297,0.029083831,0.81847006,0.08665355
0.81250745,0.027561497,0.830333,0.087653324
0.8225816,0.028822364,0.8182412,0.08531154
0.82600546,0.025121253,0.83489,0.08638243
0.80087715,0.025661416,0.8515278,0.09021412
0.83001655,0.029728075,0.8137451,0.08529256
0.8255834,0.029907601,0.81357646,0.08675075
0.81518257,0.025150398,0.8492693,0.088660166
0.832925,0.028101983,0.8164873,0.08508653
0.8144526,0.028347736,0.82813007,0.0875671
0.8185706,0.027117517,0.83233535,0.08865081
0.83661366,0.02876103,0.8125948,0.08528978
0.79699296,0.026797261,0.85224974,0.09283605
0.81522757,0.025386924,0.84729314,0.090536185
0.815199,0.028069232,0.8246143,0.08593236
0.8303066,0.029151067,0.81301105,0.08434346
0.8155351,0.026456034,0.8408321,0.08974657
0.8189741,0.027341515,0.82708174,0.08646476
0.8234664,0.028046763,0.8240153,0.08515811
0.80118513,0.027265795,0.8401741,0.08816733
0.8051787,0.025063151,0.8531585,0.090106145
0.83402026,0.027731046,0.81897813,0.085704856
0.8106042,0.026759503,0.8385793,0.08874715
0.8185825,0.028199019,0.82704765,0.08689669
0.81910753,0.027392462,0.8300961,0.0869859
0.80031824,0.025256678,0.85404116,0.09019861
0.809041,0.027211439,0.83227986,0.08616049
0.8220372,0.027890591,0.8255905,0.086238444
0.82258713,0.025555491,0.8388466,0.08799643
0.8198531,0.027818251,0.82781833,0.087813444
0.8069724,0.027682409,0.8320087,0.087604664
0.8286021,0.027783578,0.8234835,0.0854563
0.82691514,0.027698014,0.8234757,0.08582247
0.8198289,0.027066533,0.82666427,0.08511311
0.83713585,0.027280392,0.8199489,0.08501722
0.8203003,0.027329218,0.83550364,0.09021341
0.8287188,0.026744151,0.83170277,0.086301625
0.82793176,0.030103374,0.80474484,0.08300162
0.8101615,0.028277216,0.83071154,0.08836637
0.81540895,0.027561292,0.8293905,0.08694744
0.81044394,0.025495159,0.84428823,0.08928824
0.822018,0.027524414,0.828252,0.08801817
0.82528156,0.02874209,0.81640214,0.08505106
0.8268783,0.029256858,0.8177344,0.086475626
0.8139526,0.02435945,0.8485249,0.08887445
0.8190097,0.02742254,0.83118767,0.08719317
0.8114273,0.026507307,0.83825564,0.08860943
0.80792487,0.026711652,0.84326285,0.09024062
0.82750297,0.027915007,0.8278161,0.08798907
0.8098429,0.026099883,0.84024066,0.08720901
0.8122963,0.025015907,0.84219676,0.0878366
0.8161415,0.02629428,0.84035075,0.08964324
0.83952,0.029777326,0.8145146,0.08686777
0.80692375,0.027597247,0.83976334,0.09005436
0.81751937,0.02809367,0.8301095,0.08802696
0.81277275,0.026355669,0.83874464,0.08792722
0.80139476,0.02508432,0.85279524,0.089528844
0.8268299,0.027861541,0.82237947,0.08615371
0.8065703,0.027266068,0.83896905,0.08896865
0.81970435,0.028716471,0.8200057,0.08510895
0.80776805,0.025938025,0.84041464,0.08797636
0.80732304,0.0254771,0.8483396,0.08985356
0.82015926,0.025206476,0.84129953,0.08726633
0.81892556,0.028303368,0.8293308,0.08719204
0.8028432,0.026853288,0.84447783,0.08995922
0.80629945,0.026808655,0.84187263,0.089416765
0.8367583,0.027668525,0.8198596,0.08592927
0.81088513,0.028021157,0.8318972,0.08787647
0.81829286,0.026147654,0.83571595,0.087794416
0.82891124,0.028322903,0.8230336,0.08819704
0.8156022,0.024148077,0.85182655,0.08896436
0.83404046,0.028643895,0.8167182,0.08507252
0.81653655,0.02745087,0.83121175,0.086660974
0.8174052,0.029553903,0.81779164,0.085086815
0.81378263,0.026923979,0.8355001,0.087497935
0.82342416,0.028084736,0.8257579,0.08766022
0.8094919,0.025448682,0.84527,0.08926138
0.81953484,0.027621979,0.82990634,0.08786789
0.8235782,0.02813885,0.82082736,0.0855068
0.81290305,0.02642842,0.8433444,0.09061082
0.82057846,0.027011633,0.8314215,0.087955154
0.8048618,0.027045323,0.84057605,0.08858144
0.8248837,0.028784676,0.8209209,0.08561884
0.82830054,0.02529837,0.83350605,0.08623745
0.8155221,0.026546374,0.8364463,0.087209694
0.81245923,0.02565823,0.84940195,0.09079961
0.8074188,0.026137378,0.84372824,0.08877761
0.8285579,0.02606698,0.83157945,0.08580189
0.81472266,0.028010797,0.8248736,0.08594355
0.8315574,0.02898237,0.81985575,0.08763379
0.8266972,0.028942173,0.8188246,0.087012514
0.8257733,0.027059391,0.825668,0.08695254
0.8254958,0.02660169,0.8319586,0.08706373
0.8182396,0.027981794,0.8275775,0.087106004
0.8021501,0.025721395,0.8497128,0.08999723
0.80666363,0.026918298,0.84318197,0.08845475
0.8026348,0.026282515,0.8480209,0.09034794
0.81381494,0.028635517,0.8276606,0.08869598
0.79992896,0.024733024,0.85688573,0.088644825
0.8215825,0.027448481,0.82691014,0.08647177
0.8242891,0.025839815,0.8386736,0.08840864
0.8262174,0.028247051,0.8204296,0.086647436
0.80554,0.028710483,0.83293724,0.089204706
0.8223668,0.026033211,0.84291136,0.08915408
0.8347187,0.028813927,0.8116397,0.08525761
0.8085961,0.026948845,0.83733714,0.0873542
0.7973269,0.025312928,0.8518446,0.08902349
0.8172783,0.02686448,0.8371587,0.08906536
0.830266,0.02602193,0.82793206,0.08531579
0.8101347,0.025765631,0.8459897,0.08929629
0.807931,0.027664693,0.834612,0.08729985
0.815964,0.028084649,0.8261281,0.08575821
0.8212459,0.026524263,0.834055,0.086840205
0.8098317,0.026512269,0.8398027,0.08808196
0.81841755,0.027094813,0.8307849,0.08685013
0.8292341,0.03048958,0.80578965,0.08402924
0.8153044,0.02700607,0.8319253,0.08705185
0.8042769,0.025550673,0.8521776,0.09114625
0.8124715,0.02675486,0.83762854,0.08683576
0.8234695,0.026518451,0.83134496,0.08748094
0.80914015,0.025980173,0.8471079,0.08944867
0.8187734,0.025154931,0.83642465,0.085835814
0.8233746,0.02539965,0.8432515,0.088763766
0.793194,0.023472076,0.86943436,0.091183245
0.80869764,0.026820367,0.8344786,0.08612196
0.82361954,0.025814261,0.83300817,0.085732
0.8020371,0.024194052,0.8625283,0.09161805
0.811644,0.026292982,0.8388511,0.08737236
0.8162218,0.025978878,0.8414634,0.08872809
0.81596863,0.027673248,0.8328404,0.088303
0.8270653,0.02761172,0.82728505,0.08685114
0.8008011,0.02468321,0.8526305,0.089411184
0.81553155,0.025342336,0.8413932,0.08809984
0.821296,0.028002843,0.8216235,0.08635566
0.8258086,0.030536868,0.8184332,0.08831144
0.8225294,0.027752245,0.8232735,0.08621922
0.8136275,0.030236026,0.81832594,0.08669523
0.814424,0.027953641,0.83320826,0.08864675
0.8065251,0.027265977,0.8406505,0.09000914
0.8312118,0.027602274,0.8205191,0.08388214
0.832993,0.027140645,0.82104427,0.08564052
0.81692773,0.027072625,0.83265865,0.08860681
0.8016545,0.027124422,0.8438034,0.09010898
0.80867356,0.025236279,0.8500459,0.09041418
0.8331801,0.027955161,0.818628,0.084992714
0.81682926,0.027414884,0.831461,0.086563505
0.81897897,0.029036475,0.8210509,0.086288415
0.8072843,0.026742117,0.8338573,0.087025605
0.7964081,0.024390483,0.8662648,0.09290839
0.81732833,0.028270604,0.8261187,0.08663069
0.8125113,0.02552644,0.8470578,0.09026309
0.78817874,0.025628908,0.85993946,0.09080106
0.82175636,0.02653816,0.83980656,0.089506134
0.8200635,0.028361792,0.8294376,0.08831506
0.8246017,0.02817527,0.82208973,0.085931584
0.81945074,0.02650148,0.8377401,0.08782057
0.81664866,0.028784614,0.8257618,0.08628597
0.8130466,0.026496489,0.83774847,0.08936626
0.816519,0.027223937,0.8343795,0.08746367
0.8173937,0.026009245,0.84059125,0.08840559
0.80508816,0.025851518,0.8482271,0.08919835
0.8129373,0.030676909,0.81725943,0.087998316
0.8213046,0.026981061,0.83438706,0.087936535
0.80316186,0.026060803,0.8446931,0.08917047
0.8193323,0.027100168,0.8296507,0.086417586
0.8102807,0.025702478,0.8414175,0.08765688
0.822701,0.027874012,0.82670075,0.08810186
0.80662954,0.024270123,0.86036426,0.09103727
0.81741196,0.025734682,0.83923006,0.0873392
0.8096177,0.02695716,0.8376637,0.08856092
0.8286773,0.026063792,0.8301448,0.086648844
0.8323861,0.028705835,0.8139089,0.08541988
0.82833827,0.027820991,0.8191214,0.085554026
0.82574993,0.028671293,0.8136476,0.08439818
0.8106601,0.028589796,0.83301824,0.088279426
0.8066017,0.025614021,0.85096896,0.09007709
0.8066961,0.026179306,0.84113705,0.08758708
0.82226044,0.029486176,0.820372,0.08766369
0.824317,0.026352903,0.834301,0.08789631
0.8270972,0.027296359,0.82681,0.08668558
0.8209195,0.026917316,0.830133,0.08726325
0.81531435,0.026566375,0.83973056,0.08897787
0.8213887,0.027184812,0.8291596,0.087227285
0.8157012,0.027130676,0.83153534,0.08791572
0.8252081,0.026108889,0.8352491,0.087422974
0.82518315,0.027654149,0.83247143,0.08835758
0.81009656,0.025032032,0.8522428,0.09072121
0.82707214,0.02771357,0.8260299,0.086526506
0.82895416,0.028391851,0.8207751,0.087479375
0.82797766,0.028542245,0.81734586,0.08467606
0.8201331,0.02784044,0.82549214,0.08653579
0.8338614,0.02732512,0.8181418,0.08449002
0.7931882,0.024853636,0.8639725,0.09238866
0.8043968,0.025264971,0.8545216,0.091011055
0.8164511,0.027260926,0.83542305,0.08839977
0.8200078,0.027584,0.8329894,0.088848606
0.8316751,0.028404748,0.8213837,0.08643077
0.81238574,0.027934108,0.83144903,0.08768654
0.8233078,0.028441735,0.8257313,0.088847905
0.8259759,0.027904572,0.8174505,0.0836772
0.8300182,0.02789333,0.81863165,0.08490146
0.81805414,0.02698846,0.8363647,0.089636855
0.82574135,0.026542507,0.8285928,0.086834036
0.8074092,0.028257497,0.8309151,0.0881273
0.8385331,0.026362462,0.8289379,0.08733008
0.82004714,0.026763268,0.835104,0.08854641
0.82321256,0.0257591,0.83763313,0.08731974
0.8206008,0.02608866,0.8409366,0.08887352
0.8029916,0.026681075,0.84461683,0.090359315
0.81776905,0.026995841,0.8359433,0.086737804
0.8043521,0.02573899,0.84651154,0.0893914
0.80595237,0.02659074,0.8423839,0.08873717
0.7991945,0.024276199,0.8641861,0.091598965
0.82666093,0.029658385,0.8178382,0.08631375
0.8310171,0.027382476,0.8230994,0.08414448
0.8028389,0.025548901,0.85322833,0.08943764
0.79855484,0.02496022,0.8572586,0.09134494
0.82604855,0.028234499,0.8269283,0.08871559
0.81570363,0.026706565,0.8320254,0.08672626
0.822571,0.025050249,0.84256864,0.086201854
0.8160214,0.030919863,0.81022966,0.08504812
0.8278604,0.027098702,0.82908696,0.085924864
0.82003725,0.025756927,0.84020436,0.0886723
0.8190383,0.026157144,0.83907586,0.089794286
0.8079457,0.024733648,0.84536344,0.08725412
0.8150523,0.025836231,0.84269404,0.08828186
0.8051421,0.025758266,0.84652436,0.089544386
0.8249313,0.026391774,0.82986057,0.08553381
0.8203225,0.026856354,0.8336087,0.08740326
0.823727,0.03002941,0.8141127,0.0856359
0.80076516,0.027608981,0.8431801,0.090568505
0.82515377,0.028282281,0.8216286,0.086958095
0.8228632,0.02670617,0.8352274,0.08964651
0.8138574,0.02748748,0.83431,0.08703918
0.80152965,0.027009213,0.84119344,0.08763049
0.8147202,0.027502151,0.8298723,0.08682187
0.80473,0.026531067,0.84413236,0.08996975
0.8043794,0.02734782,0.8453485,0.090806104
0.81275874,0.028232804,0.8320571,0.087773904
0.8149326,0.026960837,0.8304252,0.085792914
0.8189782,0.027867807,0.83134365,0.08931034
0.81281954,0.026785016,0.8406469,0.0876411
0.81869406,0.027394362,0.8253948,0.08595088
0.8039574,0.025964623,0.8499336,0.09051508
0.81473935,0.028625222,0.8268294,0.08674783
0.81120163,0.025064927,0.84812313,0.08793773
0.8028503,0.025067538,0.8517375,0.08920388
0.8198935,0.028216464,0.8229052,0.086261205
0.8208249,0.024443721,0.8509922,0.089438535
0.823455,0.027853604,0.8267155,0.08713926
0.80503607,0.02764171,0.83614266,0.08800839
0.818584,0.028260859,0.8305522,0.088163614
0.82787853,0.027407212,0.8256449,0.08604239
0.81952596,0.027030664,0.8309592,0.08670032
0.8224887,0.027741672,0.8315362,0.088285565
0.8057356,0.024414383,0.8504215,0.088304386
0.8083448,0.02592807,0.8402236,0.087888956
0.820324,0.02591912,0.83971906,0.08783727
0.8285543,0.028879125,0.815474,0.08505298
0.8177922,0.027230097,0.83391786,0.08828624
0.8253237,0.0275585,0.827557,0.0880333
0.8304469,0.026781863,0.82677424,0.086368404
0.8231479,0.024975847,0.8478083,0.089416765
0.8201648,0.026408296,0.83850634,0.08831818
0.80729854,0.027003907,0.8329086,0.0865276
0.8180241,0.024410589,0.84676325,0.088450074
0.8191673,0.028563218,0.8255089,0.086305395
0.80524033,0.024138475,0.8591532,0.0906498
0.8113934,0.028798068,0.8276752,0.086704016
0.8374942,0.02874858,0.81227386,0.08422328
0.8069834,0.025747785,0.8483567,0.08989234
0.8137462,0.02739363,0.8284355,0.08650732
0.8284616,0.02738204,0.82219267,0.085829146
0.81960696,0.027190369,0.8331471,0.0878706
0.8191444,0.027047813,0.83303475,0.08835862
0.8325188,0.026909212,0.8308433,0.087895304
0.82728934,0.027371362,0.83092344,0.08776024
0.8352586,0.029192775,0.81773573,0.08589279
0.80814177,0.024178293,0.85315657,0.09004393
0.8329939,0.027868219,0.82192236,0.08637106
0.83207995,0.02896456,0.8117109,0.08458625
0.8259851,0.025906462,0.8332711,0.085924804
0.822207,0.02915548,0.8178211,0.0858306
0.8173226,0.028772106,0.821666,0.08611553
0.8028995,0.025504017,0.85196275,0.091274686
0.82388836,0.02873667,0.8250583,0.087146655
0.8253458,0.030844025,0.81217444,0.08756082
0.820543,0.026344994,0.8335232,0.08704702
0.83216065,0.028427498,0.8168644,0.08538422
0.8092916,0.02724285,0.84031403,0.08998189
0.8405705,0.030833231,0.79937,0.08346691
0.79762435,0.026791334,0.8449194,0.08914176
0.81180537,0.026562897,0.8362326,0.08845321
0.81740594,0.026523238,0.83755,0.08696035
0.81609887,0.028913744,0.82464087,0.08694485
0.83396715,0.030066928,0.80957484,0.08484975
0.81556684,0.027244123,0.83667845,0.08835744
0.8215932,0.025563817,0.83846635,0.08720028
0.80322117,0.024995964,0.8518877,0.0891422
0.8296783,0.03096682,0.80214834,0.084887534
0.8322729,0.027910175,0.8207427,0.08642161
0.8163932,0.026853338,0.8309317,0.08532761
0.8083186,0.025476389,0.8506785,0.091251016
0.8148675,0.026211595,0.83868134,0.08745435
0.8068361,0.024785537,0.8544388,0.089534566
0.81552434,0.027339697,0.8319703,0.08680181
0.80837065,0.027436515,0.8374833,0.08833741
0.82487655,0.02622643,0.8417444,0.08961055
0.8142349,0.024574859,0.8451528,0.08751965
0.8166303,0.029747665,0.8176225,0.08616996
0.82064176,0.02722271,0.8360131,0.089055255
0.81941116,0.028933888,0.82852477,0.08773647
0.8279863,0.028092617,0.8196365,0.08457451
0.82580936,0.031029077,0.8115768,0.08693469
0.8202063,0.027307294,0.8349197,0.08903742
0.82542497,0.028420255,0.81781155,0.085604385
0.8356451,0.030015316,0.80505115,0.08465101
0.81111634,0.028227547,0.84218484,0.092537045
0.8335922,0.028663885,0.81514245,0.08500644
0.8193159,0.02664336,0.83777463,0.08850699
0.8130996,0.027119618,0.8334435,0.08714942
0.81929487,0.030088205,0.8147689,0.085284755
0.8273838,0.026980674,0.833113,0.087879546
0.8206088,0.02856608,0.83047265,0.08823328
0.8214207,0.026887203,0.82978755,0.08666525
0.81184465,0.027857829,0.8298134,0.086585894
0.8367424,0.028744482,0.8127732,0.085510656
0.8243868,0.02789903,0.818111,0.08401664
0.8235698,0.02769456,0.83078223,0.0887597
0.8099343,0.027797148,0.8386836,0.09127943
0.81371,0.026537513,0.8403027,0.089437105
0.8131532,0.027166542,0.837777,0.08909459
0.79666895,0.02714755,0.84126264,0.0885625
0.8368783,0.02679194,0.83074224,0.08690601
0.81442237,0.028086577,0.8280169,0.08736226
0.81770366,0.02882064,0.823135,0.08572125
0.80077004,0.024346717,0.86122346,0.089931466
0.82131535,0.025983963,0.83742183,0.087741956
0.81397456,0.027974436,0.8299713,0.08841153
0.8125914,0.026092505,0.84217757,0.08806197
0.8148485,0.028463919,0.829822,0.08865303
0.8192368,0.025326535,0.8400276,0.08757954
0.8334742,0.02947467,0.8145473,0.085493326
0.8031354,0.025248995,0.85297346,0.08956723
0.82361895,0.02675148,0.82884324,0.08610724
0.8146641,0.026652211,0.8394423,0.0875514
0.8121721,0.026457163,0.83991736,0.089114
0.8272336,0.026871303,0.8246641,0.084683344
0.8159267,0.026717678,0.83737636,0.087524995
0.81943864,0.027849467,0.82346135,0.08527343
0.82343155,0.02763668,0.8275498,0.08723028
0.81619227,0.026049435,0.8368507,0.08661604
0.81746835,0.029077148,0.8253695,0.08755065
0.8090119,0.027497496,0.83381736,0.086151674
0.81094134,0.025919758,0.8406874,0.08708825
0.7992051,0.02553106,0.8517094,0.08978313
0.8090981,0.027478758,0.83103734,0.08724867
0.8193496,0.025830084,0.8365263,0.08657611
0.7961243,0.026202992,0.8560499,0.09053275
0.8263438,0.027277824,0.8313781,0.08755332
0.8231744,0.026539432,0.8332799,0.0880927
0.8256127,0.025034307,0.83836037,0.08662719
0.81657463,0.026206309,0.8379627,0.08770755
0.83469725,0.028080745,0.8164813,0.08493835
0.838322,0.026335869,0.82712966,0.086449966
0.7991074,0.025275618,0.8522493,0.08980109
0.82237226,0.027558677,0.8276918,0.08600999
0.81268996,0.02886957,0.829495,0.088858284
0.80503976,0.0265134,0.844352,0.09067777
0.82601255,0.02610709,0.8362341,0.08823346
0.8244722,0.02757035,0.8261597,0.086228795
0.8150546,0.027148794,0.8354295,0.08723646
0.8164672,0.028963678,0.8206973,0.08504779
0.8200964,0.025514076,0.8422044,0.08851509
0.8156682,0.025915703,0.8381572,0.087524705
0.8114071,0.026663918,0.83935666,0.08806897
0.81155115,0.026288312,0.8375294,0.08722756
0.8189055,0.02756174,0.82971007,0.08855302
0.828815,0.028578702,0.80985516,0.08285027
0.81546926,0.028703453,0.8317235,0.08926366
0.80773896,0.025472708,0.85280573,0.09144395
0.80901164,0.029518828,0.8223624,0.08650881
0.8316754,0.027284464,0.8222783,0.086303934
0.81581044,0.026214082,0.8454811,0.09119009
0.8105809,0.025753224,0.8475331,0.08916288
0.81413966,0.027800648,0.83525586,0.088691756
0.8335124,0.027403612,0.82455176,0.08722997
0.82009923,0.02590306,0.8395938,0.08842129
0.8216836,0.02685695,0.82660717,0.08422874
0.8168506,0.028318703,0.82813907,0.08847945
0.8078605,0.024676202,0.855468,0.09064917
0.8310869,0.029936295,0.8087706,0.0844177
0.81146365,0.0290835,0.8278111,0.087121494
0.81026447,0.025935631,0.84601057,0.09056516
0.8071177,0.025453676,0.84844446,0.08894661
0.8273897,0.027495543,0.8257067,0.08573576
0.8285399,0.027738584,0.82698494,0.086524546
0.8271802,0.02649325,0.83131146,0.08608589
0.8099542,0.02672682,0.8390933,0.08928581
0.8004191,0.025007557,0.8546896,0.08921379
0.8395768,0.030209942,0.80471313,0.084165126
0.810813,0.026515245,0.8391675,0.088876806
0.8191116,0.028232474,0.82894516,0.089073874
0.82305294,0.026948703,0.8260316,0.08501313
0.8014969,0.029287565,0.83329576,0.089558564
0.8140799,0.024703791,0.8490517,0.08859534
0.8189141,0.028546743,0.8245372,0.08705229
0.8150184,0.027519198,0.8287562,0.08590764
0.8354399,0.029346699,0.8147921,0.0861977
0.81527406,0.027133502,0.8302113,0.08766267
0.8025827,0.026212983,0.8465791,0.08883441
0.812021,0.023817658,0.85016847,0.086851306
0.8084225,0.0262132,0.8413654,0.088482596
0.8171885,0.025221428,0.84389293,0.08799259
0.81217813,0.027942214,0.8300483,0.08730839
0.81871504,0.029698888,0.82075894,0.08645544
0.84014726,0.030515965,0.80635905,0.085262306
0.8074381,0.025825206,0.8472258,0.0887279
0.8163499,0.026364058,0.8352872,0.08779607
0.82801974,0.028411081,0.8193772,0.086312905
0.8335924,0.029340886,0.8106507,0.08451777
0.81990373,0.028501838,0.8184299,0.084617876
0.81790185,0.025574278,0.8411713,0.088597074
0.81013244,0.027526291,0.8364095,0.08952684
0.8126244,0.024563296,0.84545684,0.08785866
0.8279076,0.027863542,0.82471025,0.08685516
0.82305,0.027130347,0.8300607,0.08672293
0.8325565,0.027532205,0.8222615,0.08427534
0.8177062,0.027401043,0.8314031,0.087356366
0.8206439,0.02850207,0.8287805,0.08761058
0.80278057,0.0244391,0.85586953,0.08914942
0.8142077,0.029945089,0.8194727,0.08650437
0.8204591,0.029122204,0.8198178,0.08644829
0.8117419,0.026235929,0.836765,0.08744676
0.82355505,0.028159427,0.8297656,0.0889644
0.82283777,0.026814133,0.831785,0.08739432
0.83599687,0.027722724,0.82091653,0.086161986
0.8353814,0.02733548,0.8223215,0.085167535
0.8081871,0.024891943,0.8522974,0.090342104
0.81083244,0.02635744,0.83772606,0.087107144
0.812835,0.024644846,0.8526708,0.09080002
0.798535,0.029078674,0.83193624,0.088703915
0.8145156,0.026507907,0.8385821,0.08834714
0.80925685,0.026651474,0.8399847,0.08904954
0.8390961,0.02662004,0.82232994,0.08425284
0.81340915,0.026763165,0.8366503,0.08701268
0.81403553,0.026910547,0.8324383,0.08607651
0.81347334,0.02699452,0.8345317,0.086474165
0.81658727,0.028712906,0.8261958,0.087054096
0.81639373,0.02508356,0.84306026,0.08748173
0.8216526,0.02812999,0.8248825,0.0866216
0.81248075,0.0256814,0.8439323,0.089281216
0.810829,0.026069498,0.8432075,0.08818329
0.8277034,0.025973044,0.83283657,0.08578708
0.8110885,0.027402945,0.8373136,0.08940376
0.8201169,0.028473713,0.8272431,0.087630674
0.8149232,0.028755901,0.8234711,0.08709024
0.8162491,0.02539233,0.84458756,0.08849502
0.8241015,0.029572843,0.819936,0.087666534
0.80471224,0.025278414,0.85216445,0.08985913
0.818494,0.02793937,0.8342167,0.08912526
0.8191915,0.025172275,0.8429274,0.087824225
0.81064963,0.026453737,0.8383074,0.086727425
0.80813557,0.026604392,0.8373342,0.08730677
0.8138984,0.026597194,0.8361417,0.08820297
0.82268274,0.025443494,0.83949155,0.08693208
0.81960434,0.028414598,0.82561946,0.08717149
0.81700194,0.02574255,0.84352076,0.08872507
0.82947093,0.027519329,0.82431716,0.08766311
0.8021489,0.024268989,0.8556266,0.09029645
0.8300704,0.026437042,0.8278759,0.0866166
0.8235075,0.026076224,0.8394114,0.08842468
0.80375737,0.025649123,0.8522223,0.0907187
0.8222839,0.027840074,0.8290031,0.087569915
0.8251456,0.02808092,0.82239634,0.08619698
0.8231245,0.027834194,0.8266878,0.08625958
0.8224414,0.027344083,0.82688314,0.08604288
0.8173951,0.027556758,0.8301046,0.08713564
0.80808336,0.026321588,0.8415405,0.08755958
0.811481,0.02665603,0.83442354,0.08630895
0.81136924,0.027178586,0.83079934,0.08585157
0.8166849,0.025495725,0.8412901,0.086070254
0.8268142,0.027199043,0.8262738,0.085423745
0.80075246,0.025789464,0.84733635,0.08971829
0.825582,0.028174732,0.8220591,0.08570014
0.81309557,0.027661737,0.83489037,0.08855663
0.8185899,0.025297936,0.8434864,0.086865015
0.80494994,0.02793987,0.83535147,0.087747164
0.8222824,0.02484448,0.8423111,0.08703272
0.80972016,0.026280472,0.8425886,0.08810845
0.82531875,0.02802439,0.82176906,0.08568012
0.8283439,0.02756178,0.82421774,0.08663874
0.83139396,0.026963087,0.82712567,0.086950175
0.84132916,0.029131217,0.80510217,0.08340612
0.8139215,0.026566058,0.8383434,0.088287294
0.8098278,0.026386337,0.8434523,0.089393
0.8182834,0.0273919,0.83032864,0.08643999
0.82160383,0.027588248,0.82587594,0.086999714
0.81721014,0.026497386,0.83621,0.08784272
0.82388395,0.025795005,0.83679986,0.08638609
0.82143545,0.027939403,0.8266983,0.08646932
0.8240742,0.029106362,0.8161382,0.085396744
0.81652695,0.027875654,0.83301705,0.08816739
0.8265639,0.027318025,0.82794946,0.08677572
0.8309633,0.030109998,0.81084824,0.0853885
0.802467,0.025462065,0.8532361,0.09107698
0.81470716,0.02712073,0.83024454,0.08666529
0.8276493,0.028076742,0.8212847,0.08585415
0.8105059,0.02723494,0.8364903,0.08833616
0.8236086,0.025404422,0.83395046,0.08672511
0.82603794,0.026956769,0.8334538,0.08762821
0.8327562,0.02800824,0.8165892,0.084275566
0.8219843,0.02887474,0.82239085,0.086604394
0.8168545,0.026641557,0.83160317,0.08659917
0.8216319,0.025867756,0.83203673,0.08581777
0.83039117,0.024770916,0.83818763,0.08799381
0.82153636,0.026841907,0.8385394,0.0894883
0.834156,0.02882899,0.81497437,0.08429861
0.79759187,0.026996639,0.8463352,0.08978039
0.8065769,0.024821036,0.8524954,0.0900813
0.8168051,0.026249588,0.8372985,0.08765481
0.81818247,0.026042573,0.83988374,0.08829849
0.8240798,0.027343282,0.8257186,0.08711223
0.8035823,0.025541762,0.8481035,0.08810175
0.81294864,0.02769746,0.8350057,0.088813744
0.82486814,0.028002156,0.8251086,0.086379215
0.83353424,0.027973369,0.8192081,0.0853143
0.8100473,0.025700554,0.84747607,0.09056043
0.81592864,0.025212104,0.8446718,0.08948736
0.8184451,0.028908389,0.8238875,0.088087365
0.8170709,0.026836857,0.8329763,0.08734485
0.8093147,0.025371319,0.8466388,0.08821952
0.8341815,0.025767677,0.8293945,0.0867607
0.80063707,0.024637073,0.8554444,0.08980674
0.8314669,0.028346756,0.81773657,0.085648336
0.81274927,0.026446592,0.83535683,0.08641145
0.8229376,0.026076267,0.8305839,0.08595926
0.8223749,0.025581645,0.8355561,0.08597078
0.82292086,0.026548943,0.8330955,0.08672802
0.81994444,0.026795281,0.8353713,0.08816298
0.81898904,0.028041733,0.8260992,0.0866031
0.8201343,0.027851917,0.8249777,0.08706242
0.81286573,0.025894506,0.84106904,0.0876902
0.8006276,0.024387373,0.86022663,0.090912014
0.8001793,0.024751293,0.85485107,0.0892656
0.84537673,0.028868537,0.80959594,0.085354544
0.8458943,0.02988237,0.79706657,0.08040428
0.82016,0.02779086,0.82636946,0.08573492
0.8196038,0.026113708,0.8382131,0.08728302
0.8128943,0.027129227,0.8342645,0.08788112
0.82056266,0.02723466,0.8334867,0.088422894
0.81130207,0.026045604,0.8449672,0.08976269
0.82642734,0.026445892,0.82845545,0.086308606
0.8273508,0.027396126,0.82368475,0.085799314
0.80224806,0.026053416,0.849054,0.089493975
0.8026955,0.025381591,0.8527099,0.09019425
0.8420747,0.026239257,0.82530123,0.08560036
0.8195745,0.02943213,0.8216925,0.08746571
0.82211983,0.026998956,0.8361257,0.088122696
0.80680597,0.028787043,0.8304185,0.087148756
0.8323013,0.027604269,0.82197654,0.08570864
0.821632,0.02654345,0.83262813,0.08679413
0.82075953,0.026829334,0.8389797,0.08922942
0.8300021,0.02607458,0.836112,0.08806002
0.8053556,0.026574958,0.8426831,0.088564426
0.81408966,0.026665196,0.8403788,0.089551836
0.8138304,0.027202493,0.8339392,0.08664622
0.82564425,0.02577556,0.83433604,0.08722685
0.81190085,0.026080806,0.83812493,0.0882581
0.8207056,0.026681991,0.8333936,0.08725152
0.8175193,0.028499568,0.8296596,0.08908715
0.8231511,0.027953668,0.8245795,0.085549966
0.8060565,0.026450425,0.85102844,0.09347198
0.814159,0.026220733,0.83760995,0.0891467
0.82268107,0.026826685,0.8357072,0.0886719
0.814184,0.027281102,0.83522904,0.08813049
0.82112265,0.0282695,0.8288121,0.08796352
0.823652,0.027739935,0.82702154,0.087463625
0.8244386,0.025867999,0.83465576,0.08660712
0.8193003,0.027452618,0.8281752,0.08789304
0.8192496,0.027117833,0.8364136,0.08848496
0.81875354,0.02737249,0.83261245,0.08807665
0.81405354,0.027534457,0.8299683,0.08637388
0.81982565,0.02813655,0.82787263,0.08744695
0.8082005,0.026562948,0.84005105,0.0882203
0.82588667,0.031595796,0.80693907,0.08510128
0.8202372,0.02918487,0.8188118,0.08641135
0.81655437,0.025160395,0.84662545,0.08877839
0.80709034,0.02648617,0.8387461,0.08811868
0.7941686,0.025944173,0.851872,0.089794606
0.82453334,0.02911778,0.8189874,0.086457446
0.80502945,0.024903856,0.85561687,0.09070148
0.8109747,0.026182994,0.8425169,0.08949056
0.8110987,0.028443404,0.8295731,0.08663936
0.79659927,0.027148115,0.83867604,0.08913865
0.80437344,0.026325285,0.8468564,0.08911381
0.81209457,0.027324807,0.8338539,0.08702613
0.8184162,0.026261626,0.83739203,0.08758666
0.7949548,0.025917433,0.8569199,0.091533996
0.82964027,0.026714843,0.82966053,0.08712177
0.80718654,0.026510973,0.8436298,0.08992281
0.81838965,0.025534712,0.8426252,0.0878573
0.8058045,0.025569467,0.848253,0.09065734
0.8086573,0.024477756,0.85058355,0.08848903
0.8244175,0.027608981,0.8286469,0.08695214
0.8321453,0.027764078,0.81857955,0.084396586
0.81382364,0.028439654,0.82815194,0.08784127
0.8189094,0.028098714,0.82601947,0.08717496
0.8126917,0.025829844,0.8441404,0.08850279
0.8153346,0.028021777,0.8326016,0.08892526
0.81865317,0.028581496,0.82925475,0.088475145
0.82874864,0.02914919,0.81935054,0.08712737
0.8377945,0.028680181,0.8145044,0.085518256
0.8329595,0.028223172,0.8181597,0.084086865
0.82328457,0.027613234,0.8267955,0.0877202
0.8216288,0.029266885,0.82041496,0.08743158
0.8108854,0.026936827,0.8391148,0.089597285
0.8273305,0.027303947,0.82324713,0.08522124
0.8263526,0.028297355,0.81762254,0.084620945
0.813536,0.026593434,0.8397126,0.088425614
0.818776,0.026802942,0.82748365,0.086727425
0.8303086,0.025997622,0.831768,0.08683079
0.8037091,0.026140274,0.8446314,0.08849819
0.8093777,0.028298043,0.83344513,0.08833978
0.8201989,0.026402775,0.83702004,0.08820318
0.8126014,0.026468588,0.8431518,0.08967129
0.8183961,0.025857097,0.8394582,0.087538145
0.81085736,0.025646053,0.8471514,0.09001182
0.820466,0.02610917,0.8376015,0.088218406
0.8268151,0.02673163,0.8293989,0.08643997
0.8033049,0.02579818,0.8462842,0.08899084
0.8216303,0.026988832,0.830534,0.08828277
0.8274965,0.02709619,0.8285629,0.08638578
0.8067244,0.027986765,0.8308224,0.08823046
0.8237911,0.028469823,0.8262647,0.08845125
0.81580085,0.027642585,0.83223647,0.08656158
0.8336168,0.030042607,0.80706555,0.08544362
0.80822253,0.026809627,0.84162605,0.08912099
0.8161269,0.026510233,0.8333746,0.08664037
0.81630087,0.026810048,0.83926183,0.08866539
0.8288767,0.025704157,0.83592886,0.087265186
0.814319,0.027658407,0.82731,0.08683611
0.8144666,0.028456997,0.8298573,0.08746006
0.8027592,0.026025243,0.8505536,0.0908346
0.8236992,0.028437939,0.8195665,0.08615636
0.8366076,0.029678728,0.80910784,0.084546834
0.81071395,0.027114814,0.83794945,0.08801483
0.82107174,0.026958741,0.83334935,0.089064896
0.81773365,0.026995325,0.8338683,0.08848865
0.82640976,0.02792852,0.82668126,0.08758752
0.8080402,0.027118854,0.842961,0.08997962
0.8068677,0.026184855,0.84639716,0.09151538
0.82523185,0.027450306,0.82629395,0.08708733
0.8106925,0.025847357,0.84636086,0.08845739
0.8203234,0.02699666,0.8325847,0.08660176
0.8038109,0.026449436,0.84380287,0.089400396
0.8125134,0.02788962,0.83352035,0.08874798
0.81405306,0.025252644,0.84621805,0.08861647
0.805233,0.027060429,0.8443093,0.09107244
0.81768227,0.026050441,0.83533907,0.087212354
0.79993415,0.026185853,0.8485003,0.090801015
0.8248572,0.02763819,0.82285476,0.08533949
0.82436943,0.028319756,0.8211822,0.08616926
0.81805664,0.025775522,0.836549,0.087751746
0.80842286,0.03024858,0.8196653,0.087793075
0.81774414,0.025950124,0.8421003,0.08871756
0.8135825,0.02663318,0.8392307,0.088123664
0.8273259,0.02872879,0.82398623,0.08702721
0.8148425,0.027414486,0.83493215,0.08880396
0.8211593,0.028497815,0.82087123,0.085637
0.80874974,0.026231194,0.8444142,0.08874369
0.80583555,0.026999768,0.84220713,0.08892059
0.81108785,0.026728338,0.8423838,0.08900628
0.8183434,0.026059901,0.83731467,0.08651932
0.8186524,0.028718697,0.8227633,0.08674087
0.8150281,0.024857238,0.84220994,0.08652535
0.8187134,0.027381955,0.8240182,0.085289516
0.8324001,0.02714495,0.8220106,0.08572961
0.8188436,0.027960828,0.8228501,0.086366095
0.8244504,0.02771305,0.8271263,0.088319086
0.8043329,0.026890697,0.8446102,0.09055648
0.82607937,0.028214594,0.82158583,0.08677725
0.8060486,0.027597018,0.84220535,0.091101736
0.8072897,0.02715418,0.8345456,0.08754862
0.829513,0.02756314,0.8228177,0.085790806
0.82626945,0.025715485,0.83489895,0.08646497
0.8159098,0.026516637,0.8413575,0.0903909
0.8286187,0.028831223,0.81653,0.08588875
0.7963391,0.023320843,0.8614341,0.08957718
0.8238571,0.026064873,0.8321028,0.085615695
0.81452835,0.02593191,0.84029156,0.08970664
0.8102776,0.027711371,0.8309476,0.08698495
0.8035754,0.023902727,0.85569274,0.0892454
0.8238542,0.02829778,0.82272553,0.08652884
0.8335499,0.029532604,0.8118751,0.08504832
0.81083935,0.026282584,0.8372186,0.08722454
0.82888466,0.027091105,0.830221,0.08808024
0.830313,0.026937803,0.8262039,0.084938124
0.8205073,0.027375989,0.83413994,0.088795476
0.81300086,0.028717801,0.82741344,0.087844566
0.8255296,0.026084444,0.8366344,0.087756015
0.8113589,0.0269504,0.8367143,0.088979825
0.80903125,0.026221877,0.83939207,0.087987974
0.81642216,0.02678197,0.8321462,0.087118775
0.8135388,0.026245251,0.83908755,0.087749384
0.8263088,0.027799401,0.8234237,0.08700625
0.8356057,0.02929777,0.8137933,0.085352264
0.83336264,0.02851582,0.81797296,0.08624202
0.8245783,0.026963402,0.8359017,0.090145595
0.8174691,0.027442658,0.8354733,0.08864227
0.8149811,0.024408046,0.8463688,0.08834634
0.82041407,0.029168794,0.8205777,0.08654371
0.81436276,0.026572943,0.8330707,0.08766181
0.8249987,0.027852722,0.8227886,0.0859332
0.8140022,0.027211593,0.8308502,0.08669445
0.7898438,0.025235713,0.8579413,0.090621985
0.8161354,0.02659093,0.8359847,0.086563215
0.8207897,0.028820489,0.8268508,0.088588834
0.8259928,0.0275136,0.82756525,0.087389424
0.81866515,0.027155986,0.8320341,0.08769684
0.80904096,0.026665037,0.8378852,0.08769168
0.8167614,0.027323367,0.8348046,0.0877534
0.8164007,0.028068844,0.830801,0.08821807
0.81874037,0.028702242,0.8281624,0.087872274
0.833465,0.02778762,0.81779313,0.0842967
0.8454211,0.030705446,0.80076164,0.08242374
0.8203078,0.025431518,0.8401618,0.08906536
0.8118485,0.024843693,0.8484976,0.088740386
0.8072072,0.02421709,0.85350806,0.088498965
0.8164963,0.028863251,0.8261457,0.086707324
0.80825,0.024675919,0.8530731,0.090499386
0.8142591,0.028026046,0.82206094,0.08503749
0.8242393,0.028593041,0.81965923,0.08578082
0.8313554,0.02571673,0.8321885,0.0867445
0.8323737,0.027606066,0.8213303,0.085011
0.8108508,0.027808947,0.83822864,0.090188056
0.8101483,0.025632378,0.8454037,0.08841144
0.8271546,0.027697995,0.825587,0.08707583
0.8232112,0.027616447,0.82973653,0.08742397
0.8054157,0.024335168,0.8582417,0.090343244
0.8242941,0.02541726,0.8427201,0.08900238
0.81547254,0.026823098,0.83154154,0.086061716
0.8221842,0.028566161,0.8260086,0.08744142
0.8140211,0.02547727,0.84167683,0.087919004
0.8094007,0.026324589,0.8431202,0.088714406
0.83800864,0.02962625,0.80770755,0.0838033
0.8130342,0.026320433,0.83529603,0.08747295
0.80428034,0.025978724,0.84291637,0.08820669
0.8250134,0.02543042,0.839811,0.08792224
0.8019784,0.02553677,0.85629714,0.09171848
0.8096944,0.026065357,0.8436727,0.08923804
0.8211751,0.026623478,0.82798046,0.08448392
0.81108326,0.027499516,0.83472466,0.088099144
0.8274169,0.028025506,0.82592005,0.08748778
0.81689525,0.026598476,0.83655125,0.08789859
0.81178385,0.028814944,0.8253313,0.08721581
0.814767,0.025848214,0.84278214,0.087265335
0.82494664,0.028278936,0.8217782,0.08730606
0.80818385,0.026323736,0.8452879,0.088494174
0.8151868,0.026943116,0.83435047,0.08753965
0.8154229,0.026072599,0.8462849,0.090276435
0.83777493,0.026749987,0.82571816,0.086666115
0.83456165,0.030224336,0.809591,0.08493359
0.81263506,0.025703153,0.84179425,0.08818478
0.8256849,0.02737886,0.8305895,0.08731395
0.7975733,0.022453988,0.8717491,0.0920833
0.8263371,0.026240958,0.8313037,0.08697176
0.8216094,0.027562233,0.82594717,0.08616589
0.8320618,0.028784126,0.8136277,0.08518335
0.81656396,0.026894782,0.8277792,0.08492794
0.8201995,0.02637467,0.83350116,0.08791565
0.82838553,0.0285795,0.8214773,0.08817292
0.8022971,0.025940053,0.8461858,0.089445956
0.817783,0.027064778,0.8342903,0.08795643
0.8118522,0.026408711,0.8440877,0.08940018
0.8136319,0.027247846,0.834639,0.08750388
0.8477977,0.029235201,0.8024833,0.08255596
0.81783396,0.027797798,0.83239895,0.08693901
0.8184717,0.027030548,0.8314741,0.08676842
0.8129002,0.025844332,0.8387982,0.08796268
0.82978934,0.028436542,0.8227014,0.08733539
0.822438,0.026758706,0.8321411,0.08633505
0.80206907,0.028105548,0.84383535,0.09094403
0.8193219,0.029348016,0.81894684,0.08713735
0.8260052,0.026199,0.8374047,0.08862409
0.8182176,0.02718596,0.8343197,0.088152386
0.806761,0.027413217,0.8425459,0.08941167
0.81497484,0.028064234,0.8288584,0.08807709
0.817797,0.027899398,0.82761186,0.0866494
0.81184065,0.025773747,0.8451379,0.08985785
0.82116234,0.027547898,0.8291643,0.08648241
0.8087516,0.02712386,0.83926153,0.08906861
0.8129758,0.027406165,0.8325167,0.0873224
0.83437824,0.02523193,0.8304959,0.084992595
0.8333799,0.02854202,0.8188846,0.08750261
0.817364,0.02530766,0.84678966,0.0894422
0.8311336,0.028772367,0.8149856,0.08485435
0.8319332,0.028766386,0.8194008,0.08624936
0.82840717,0.028273057,0.8226869,0.08474459
0.8031034,0.029785555,0.8315864,0.08955613
0.80025,0.027383463,0.8338535,0.08733104
0.79744166,0.025367454,0.85725665,0.09121099
0.8196273,0.026773626,0.83708423,0.08868146
0.82322145,0.025930017,0.8439561,0.09045263
0.82761467,0.027889695,0.8204059,0.085993126
0.82646143,0.026182845,0.8303295,0.08582188
0.818503,0.027063597,0.83222574,0.08659166
0.81968915,0.026864666,0.8390363,0.08934527
0.81312466,0.028275363,0.825333,0.08527896
0.8100407,0.027137127,0.84519845,0.09153081
0.818287,0.02820263,0.8292827,0.08788887
0.7972228,0.027104886,0.84495157,0.09059593
0.821408,0.027624277,0.8248576,0.08550239
0.8112503,0.027033359,0.8365843,0.087419786
0.8434928,0.028293658,0.81084317,0.08409155
0.79947937,0.024525335,0.8619275,0.09094045
0.818801,0.026768839,0.8320491,0.08670898
0.8319774,0.029895147,0.809265,0.08442875
0.80425334,0.026870163,0.8447457,0.08942037
0.82809985,0.028752219,0.82117915,0.08639202
0.8337698,0.028560556,0.8193758,0.08749214
0.8179353,0.028683504,0.82557136,0.087111816
0.813042,0.028006896,0.83324003,0.08956732
0.82556367,0.027698021,0.8250261,0.086939275
0.8266526,0.026792426,0.82736015,0.085593626
0.82062334,0.025647001,0.8388731,0.08771271
0.8239324,0.028062446,0.8247192,0.086511366
0.8254985,0.029440276,0.8176552,0.08658437
0.82005936,0.027696483,0.8231448,0.084259346
0.8217413,0.027434127,0.82965356,0.0879379
0.82646453,0.028314302,0.8149651,0.08441456
0.8300603,0.030233959,0.8097157,0.08403974
0.82054794,0.027370716,0.8335558,0.087856546
0.81143343,0.02542737,0.85031223,0.090173155
0.8231795,0.02791295,0.82768595,0.08796046
0.81947684,0.029860804,0.8155772,0.08585534
0.8165868,0.025753144,0.8415977,0.088244535
0.8121599,0.024185292,0.85286975,0.08881156
0.815163,0.027083904,0.83450025,0.08815235
0.80575424,0.02561804,0.84481657,0.08823765
0.82251513,0.027644366,0.8288177,0.08723388
0.8210747,0.026302995,0.83594745,0.08692425
0.8146892,0.026406016,0.83737737,0.08819061
0.8181762,0.02616705,0.8372786,0.08719142
0.8091725,0.026873136,0.83551276,0.08640191
0.82180804,0.02821633,0.8234343,0.08645965
0.8074796,0.02691767,0.83420056,0.086657666
0.8050342,0.025297804,0.85475504,0.09089693
0.8192081,0.023776626,0.8558527,0.08991243
0.8208462,0.026020205,0.83583105,0.086722605
0.80089116,0.025165908,0.8551273,0.09144609
0.82515484,0.029951936,0.81193525,0.08432171
0.8134875,0.025120055,0.845956,0.08982398
0.81130075,0.028539183,0.8362015,0.08986399
0.80674314,0.024285492,0.8602467,0.091179945
0.8062729,0.026814958,0.8412427,0.08901309
0.8106989,0.026024107,0.8427663,0.08874722
0.8230824,0.025817111,0.83676004,0.086980805
0.80683166,0.027002767,0.84157526,0.08953215
0.8121723,0.026072593,0.8433379,0.08886424
0.82889295,0.026029909,0.8362738,0.08794534
0.8120348,0.025584042,0.84494054,0.08797976
0.8113242,0.028343689,0.8288752,0.08719583
0.8183668,0.026412383,0.8359454,0.088568665
0.81710076,0.026942607,0.8402887,0.08877242
0.8132915,0.025657691,0.8486419,0.0906923
0.82855237,0.028195187,0.8228791,0.08587577
0.8443982,0.02867426,0.8079323,0.08353867
0.8172514,0.027700128,0.83317024,0.08875314
0.81092197,0.026672717,0.8393561,0.08841067
0.80380446,0.02646344,0.84576213,0.08965692
0.80176973,0.02597798,0.84531564,0.08931967
0.811412,0.028131446,0.83187574,0.08846479
0.81561226,0.028805505,0.822091,0.0867413
0.79979277,0.025534218,0.85494274,0.09111023
0.80513847,0.025589276,0.84639627,0.08941367
0.8274449,0.027477926,0.82167333,0.08471012
0.82224524,0.027787203,0.8293927,0.08762098
0.8105269,0.026508324,0.84525734,0.089915946
0.8343258,0.027274461,0.8244453,0.08712715
0.8073497,0.026427696,0.8411119,0.08798409
0.8170493,0.028758109,0.8217197,0.08576223
0.8247724,0.026970178,0.82892776,0.08801521
0.8287494,0.029201373,0.82251275,0.0869809
0.8300512,0.029654723,0.81225,0.085330576
0.81678563,0.02549841,0.8439045,0.088087425
0.81909645,0.028724689,0.8250392,0.08760654
0.80388814,0.028192392,0.83879715,0.089189775
0.8304905,0.029022876,0.8135137,0.08424416
0.8149904,0.028060246,0.82691544,0.0861894
0.8232412,0.026159396,0.8362184,0.08722918
0.8225271,0.027361503,0.831997,0.087205596
0.8338836,0.027012348,0.8245864,0.085129626
0.82300776,0.027660597,0.8284922,0.087567456
0.82116866,0.027177788,0.82893103,0.086678945
0.8096874,0.026675198,0.84160644,0.089424014
0.83678365,0.028308524,0.8125032,0.084653065
0.8268463,0.029075727,0.8180072,0.08709587
0.81623816,0.02736316,0.8319649,0.0871259
0.8070386,0.026268557,0.8438829,0.08819418
0.8252898,0.02692484,0.82811266,0.0862864
0.8293959,0.02721249,0.827062,0.08646903
0.8136656,0.026626037,0.83892554,0.08801293
0.8050829,0.027037406,0.84594995,0.08985361
0.81492555,0.025375342,0.84185356,0.08835659
0.8265817,0.027107477,0.8323805,0.08884379
0.81831837,0.027810134,0.82685107,0.085890986
0.801971,0.025973367,0.84249437,0.08805572
0.8152901,0.028947316,0.82575804,0.08816424
0.8315076,0.027701931,0.8230481,0.08743586
0.8045571,0.025931267,0.8493098,0.09039681
0.8041749,0.02495468,0.85249805,0.09039532
0.82426447,0.028779125,0.8250386,0.08750847
0.80526644,0.024283754,0.85624975,0.09019607
0.81041634,0.027532749,0.83527964,0.08741255
0.8243654,0.027905384,0.82613206,0.08725158
0.81579196,0.02728855,0.82996845,0.08686605
0.80936545,0.02609661,0.8438756,0.090432055
0.81898654,0.027650766,0.83061594,0.087781124
0.8179867,0.028072793,0.82887375,0.087544054
0.8150148,0.027211567,0.8391755,0.08897276
0.8197166,0.025829721,0.8357881,0.087050304
0.82744217,0.029923186,0.8095995,0.084938735
0.82138807,0.028628383,0.82403517,0.086295746
0.8142981,0.025232121,0.8485674,0.08896718
0.8334658,0.025504291,0.82865906,0.08501708
0.8195006,0.026357496,0.8374261,0.08853503
0.81577265,0.028321816,0.82826966,0.08853917
0.8255891,0.026189575,0.834498,0.08659831
0.81776446,0.02733282,0.8328256,0.08700598
0.800275,0.0260086,0.85125095,0.089925654
0.81147236,0.027563605,0.83279747,0.0883198
0.8164943,0.025820473,0.8409576,0.08717439
0.8406975,0.02882681,0.81270015,0.08479388
0.83579314,0.027474698,0.81815386,0.08396045
0.81727785,0.02764712,0.8284455,0.086843975
0.81075996,0.028524816,0.83262247,0.08836209
0.8200178,0.025515469,0.8375703,0.08726194
0.80378354,0.026690282,0.84208393,0.088675685
0.80833906,0.027172416,0.84081393,0.08922834
0.8126891,0.025269628,0.844981,0.08802768
0.8286143,0.026420286,0.82950455,0.08516962
0.8139585,0.027691696,0.83830255,0.09010662
0.8121973,0.02335545,0.8553327,0.08923585
0.8255724,0.025365476,0.84260195,0.087460645
0.81018287,0.02393065,0.8528435,0.08961679
0.8286674,0.02545569,0.83298206,0.08729599
0.8261882,0.02631687,0.83484757,0.085530594
0.81231356,0.028715007,0.8234163,0.0858263
0.8317879,0.029540146,0.8151341,0.08572058
0.8082915,0.023947265,0.8565441,0.090194725
0.8126176,0.023764985,0.85537434,0.08932549
0.80929714,0.02616576,0.84386986,0.09016825
0.81222713,0.027240526,0.840375,0.088704064
0.81944644,0.028951049,0.81908184,0.085664794
0.8238869,0.02882031,0.82291454,0.08637588
0.8268678,0.027607342,0.8271114,0.08602284
0.8279527,0.026793811,0.8278074,0.086641446
0.83569527,0.02631584,0.82330555,0.08571673
0.8255078,0.026573628,0.8292031,0.08655009
0.84323037,0.03042953,0.80675393,0.0848146
0.82931405,0.028299386,0.8182722,0.08558285
0.82346404,0.025753716,0.831582,0.08550417
0.8159202,0.028161354,0.82447296,0.08606496
0.8065668,0.026630456,0.847641,0.09029008
0.78729564,0.023447745,0.86716443,0.090789326
0.8212079,0.028234735,0.8299251,0.088628195
0.8289537,0.025595646,0.8342176,0.08622668
0.8037232,0.025401691,0.8486012,0.089709565
0.82414186,0.027421337,0.8322445,0.08873283
0.8095965,0.02806121,0.83049285,0.08725934
0.8207772,0.029682288,0.8190102,0.086475156
0.815255,0.027941355,0.8269637,0.08817975
0.830898,0.027991109,0.81589705,0.0839119
0.8175129,0.027157908,0.8366497,0.088198155
0.8133587,0.028140314,0.83091724,0.087158166
0.81729317,0.026761597,0.8350307,0.08699843
0.8302125,0.029095344,0.8209889,0.08773409
0.81180555,0.026320158,0.8404761,0.08856049
0.8197176,0.028007243,0.8232198,0.08635055
0.82960767,0.02646164,0.8250272,0.08503111
0.8006385,0.02726443,0.8406927,0.08976744
0.80722564,0.026303496,0.8454076,0.08922247
0.8085199,0.02664122,0.84000164,0.087963164
0.8177734,0.027711885,0.8283615,0.087816544
0.81774384,0.026807256,0.8346901,0.08764302
0.80014294,0.024403809,0.8539412,0.08941325
0.81798476,0.028291548,0.82651293,0.08650928
0.8287553,0.028968476,0.81763566,0.08685383
0.8181511,0.025060859,0.84310645,0.08717577
0.8110274,0.026511213,0.83987755,0.088612385
0.812206,0.027687635,0.837584,0.08943504
0.80928457,0.028874513,0.830997,0.0879907
0.81816167,0.030350568,0.8143878,0.08575671
0.8367481,0.027570665,0.8171321,0.084311575
0.81941843,0.028096858,0.8234767,0.08569771
0.8139581,0.027308023,0.8339898,0.08774934
0.8120647,0.026853621,0.8387808,0.08884878
0.81624997,0.027742593,0.8287497,0.08755578
0.82166237,0.027588768,0.8240172,0.08697429
0.8053994,0.025579259,0.84875613,0.089913115
0.81577766,0.0271019,0.835395,0.08831453
0.81430495,0.026647769,0.8385376,0.08930749
0.82590735,0.027356923,0.8295852,0.08788288
0.8295836,0.027932629,0.81903046,0.08563086
0.8163534,0.026730178,0.8365923,0.0883488
0.82876503,0.029304273,0.8164521,0.085292526
0.811379,0.028278835,0.8348029,0.08914116
0.8191276,0.026601013,0.8375693,0.0899365
0.80504155,0.026200317,0.8406876,0.08753825
0.81960267,0.02943041,0.81815004,0.0858209
0.8188511,0.027502596,0.82696885,0.085843064
0.8226092,0.025612451,0.8317391,0.085798554
0.814827,0.026888479,0.8329333,0.08726065
0.80835485,0.025691278,0.850901,0.09211546
0.80359393,0.02493964,0.8526343,0.09037058
0.8200573,0.027627049,0.8261122,0.08634396
0.8101885,0.026879339,0.8350603,0.087568976
0.81271154,0.026342312,0.83877337,0.086747795
0.80442524,0.025058426,0.8519884,0.08971406
0.82461905,0.028613431,0.8221155,0.086112574
0.8248922,0.030227846,0.8138421,0.08577796
0.8219035,0.02751269,0.8296235,0.08795813
0.8084608,0.02765931,0.833933,0.08823601
0.81411713,0.025204362,0.8462201,0.08824216
0.8110613,0.026925141,0.8327899,0.08612496
0.8061342,0.025366649,0.8493039,0.088699326
0.82256854,0.025740758,0.83858335,0.08838582
0.814864,0.026158286,0.83992875,0.088172585
0.83480936,0.027771626,0.81994617,0.08511778
0.8260204,0.02952861,0.81367105,0.08523396
0.80503213,0.026729956,0.84500074,0.08989704
0.8199664,0.025555188,0.84343976,0.08873405
0.8404857,0.027963614,0.812117,0.08401853
0.8189006,0.028113142,0.8250428,0.08631377
0.8246524,0.028316239,0.82274914,0.08749291
0.8150097,0.027059281,0.8332362,0.08710575
0.8074234,0.026280027,0.83942825,0.08754088
0.83171517,0.029057195,0.8140837,0.08557614
0.80888873,0.02602953,0.8486889,0.090314515
0.803003,0.027073465,0.84270936,0.08869638
0.8165074,0.027871814,0.8300315,0.08668829
0.81112254,0.026052447,0.84080434,0.088100426
0.8204684,0.029891506,0.8176408,0.0876615
0.82183635,0.029492455,0.81791836,0.08595664
0.820914,0.028042022,0.8248509,0.08670507
0.8094554,0.029141316,0.82730675,0.08829449
0.8295209,0.026384475,0.8300884,0.08631461
0.8135045,0.0248258,0.8492512,0.08923759
0.8304699,0.02724068,0.82131857,0.084766105
0.8168315,0.027587017,0.8306348,0.08768984
0.81766295,0.026329603,0.8354498,0.08810448
0.813449,0.029275656,0.8219593,0.08634398
0.8168597,0.027232246,0.834488,0.08826622
0.83281153,0.028664267,0.81136096,0.08497339
0.8150341,0.02776942,0.8305791,0.08695868
0.80046076,0.02497362,0.8546337,0.09088035
0.80423117,0.025353553,0.8544506,0.091044284
0.8145199,0.028398445,0.82370776,0.08618609
0.81656206,0.0255224,0.83693236,0.08623924
0.8063684,0.026174543,0.84807175,0.089518405
0.8188659,0.027600273,0.8291529,0.08666752
0.8223759,0.026497027,0.8355356,0.08785872
0.8282796,0.026645215,0.8299666,0.086883366
0.8084851,0.026021155,0.84983635,0.09119083
0.81762046,0.026687419,0.8381488,0.08773338
0.81415033,0.027213663,0.8365131,0.0897653
0.82525754,0.027794829,0.8217759,0.08491221
0.80616885,0.02616236,0.84246266,0.0891446
0.8083574,0.02476921,0.84708405,0.08742091
0.81603116,0.027346287,0.83104116,0.086866006
0.8179433,0.028031787,0.8309068,0.08826599
0.81384414,0.024458027,0.8568254,0.090884075
0.8212333,0.026893102,0.8340977,0.08831807
0.80783343,0.028462594,0.8338073,0.08814411
0.80897564,0.027071483,0.8404829,0.09071042
0.81961536,0.028456101,0.8217961,0.08699325
0.82658124,0.026722342,0.8272295,0.08613984
0.8243456,0.02920147,0.81751645,0.08543226
0.80159086,0.027224267,0.83950996,0.08875147
0.83385336,0.030021336,0.80916667,0.08537571
0.8355296,0.027945232,0.8147239,0.08391183
0.82464397,0.027032861,0.83569646,0.09009089
0.81470233,0.026542658,0.83931714,0.088660784
0.8271101,0.026271677,0.8293775,0.08508897
0.82372624,0.027495654,0.82883376,0.08774641
0.8143446,0.025910119,0.8400484,0.08867224
0.8166444,0.027297582,0.83336055,0.08721124
0.8155708,0.024747781,0.8483489,0.089778185
0.80338323,0.025447257,0.85291296,0.09020145
0.81123775,0.025487848,0.8523423,0.0905454
0.8350147,0.029865967,0.8065901,0.08456969
0.8098384,0.026524104,0.83341604,0.08665384
0.8178064,0.02582328,0.84152997,0.08769563
0.82856053,0.028005034,0.82067055,0.08488262
0.81011856,0.025062017,0.84650356,0.08853926
0.8323245,0.027450668,0.8238968,0.08673818
0.83166164,0.028664697,0.8147888,0.08463186
0.8071544,0.02635066,0.84403574,0.088753924
0.81528515,0.02632711,0.83787936,0.08802062
0.8151015,0.028419096,0.82795525,0.0880684
0.8106248,0.027195659,0.8339711,0.086786106
0.82047135,0.027163174,0.8261125,0.08529761
0.82190305,0.025584968,0.83760387,0.086681224
0.81457734,0.025892062,0.84172505,0.08781694
0.8148723,0.030445794,0.82657266,0.09017447
0.818577,0.026164673,0.83839,0.08855382
0.8096599,0.025867406,0.8464174,0.08951578
0.8185443,0.02984558,0.822108,0.08784548
0.8325112,0.029209528,0.8128935,0.08287797
0.81461424,0.02523516,0.8451304,0.08821027
0.8262035,0.027635766,0.8258757,0.0869303
0.8194497,0.027348394,0.8317422,0.08749485
0.8157314,0.029126424,0.8241113,0.08720454
0.8245434,0.03051192,0.8129379,0.08550535
0.81943446,0.029036434,0.8188288,0.08562067
0.81223077,0.025864242,0.84272826,0.08931869
0.8301586,0.025980055,0.8309009,0.086959235
0.80360913,0.02429567,0.8510519,0.08737855
0.82247335,0.027529467,0.8232911,0.08528118
0.8083545,0.028114809,0.83076555,0.08810236
0.8155539,0.027221574,0.83666193,0.08828033
0.8067327,0.026039662,0.8503492,0.09092044
0.80824363,0.026800942,0.8421043,0.08876579
0.8227986,0.025991311,0.8351908,0.087267056
0.8167811,0.026235634,0.8378403,0.08802465
0.81362844,0.027248112,0.8307247,0.08658402
0.8138427,0.027392501,0.83068055,0.08753095
0.8192873,0.028592782,0.82588404,0.08696278
0.8047691,0.026152156,0.8510273,0.09050649
0.80765873,0.025465962,0.8500541,0.089654766
0.8199043,0.02743195,0.82978034,0.087404884
0.8320785,0.028385853,0.82432014,0.08793343
0.81316155,0.026588755,0.8401156,0.08883446
0.8221453,0.026731377,0.8360111,0.08739673
0.81080806,0.025858082,0.8410294,0.08763061
0.8304206,0.029039335,0.8173441,0.085807495
0.81347495,0.025566358,0.8437153,0.08781468
0.82099044,0.02761806,0.8241269,0.08637643
0.8290794,0.027970014,0.81941646,0.08578273
0.8211905,0.027891869,0.82097423,0.08549934
0.80952317,0.026214188,0.8459668,0.0895179
0.8217545,0.028862145,0.82922184,0.08848764
0.8198841,0.027734993,0.82132107,0.084041744
0.8148787,0.02722876,0.8343039,0.088006146
0.80021966,0.026571132,0.8457288,0.09043658
0.83050954,0.02845347,0.81738406,0.08531703
0.8177986,0.022404656,0.8606857,0.08893122
0.8271402,0.02840596,0.82027507,0.08636838
0.81733614,0.027399339,0.8304936,0.08698883
0.837156,0.027968409,0.818112,0.083932236
0.8148682,0.02746264,0.83467674,0.08889835
0.8155608,0.026892178,0.83272636,0.08751037
0.81636304,0.025829948,0.8378044,0.087975286
0.8276518,0.027397942,0.82976717,0.08781583
0.80474204,0.026632983,0.8423931,0.08859971
0.8118893,0.026149862,0.84453714,0.088945016
0.81942374,0.02690707,0.82256526,0.08418449
0.82116115,0.026065016,0.8358381,0.08601247
0.8134454,0.027941087,0.83560735,0.0882192
0.80702794,0.025097948,0.84871864,0.087926805
0.8193978,0.02634816,0.8347834,0.087371215
0.80494493,0.026849844,0.8370286,0.087582365
0.82368827,0.030966192,0.8153495,0.087583385
0.83398545,0.029722873,0.81098616,0.08605817
0.8198422,0.026652852,0.83667934,0.08882158
0.8140324,0.02514867,0.85016596,0.089391254
0.8058729,0.025194852,0.8516951,0.08987417
0.820873,0.026988035,0.8356875,0.08882211
0.8221048,0.027826894,0.82764417,0.08739613
0.816193,0.028591705,0.8272656,0.088754326
0.8156799,0.027341444,0.83303034,0.08808415
0.81378746,0.025915828,0.8437872,0.088392965
0.8027598,0.026963402,0.8458224,0.090072535
0.8037115,0.024732074,0.85909534,0.08967048
0.81762683,0.028308287,0.8276269,0.089298844
0.80948746,0.028011104,0.83594817,0.08938912
0.81767786,0.029163133,0.8231001,0.08660374
0.807914,0.0252589,0.84835434,0.08850122
0.8136138,0.025590936,0.841096,0.08810719
0.8011163,0.026160501,0.85090685,0.090930544
0.81026524,0.025163952,0.8531351,0.09109676
0.811145,0.02687659,0.8352111,0.08713865
0.80877537,0.026127763,0.8422953,0.08862052
0.82675624,0.02725162,0.82522756,0.085172914
0.81247693,0.026192386,0.8377556,0.08638434
0.80401164,0.026245814,0.8448304,0.08819214
0.81793314,0.027161788,0.83236444,0.087330855
0.826083,0.029290052,0.81833106,0.086942546
0.81861985,0.02823005,0.8267757,0.08698242
0.80728483,0.025423156,0.849915,0.08984317
0.8193313,0.028674198,0.8225118,0.08650419
0.8363009,0.030049177,0.8104102,0.085988596
0.8052546,0.026308427,0.84304655,0.08749195
0.8206507,0.027422624,0.8279629,0.086301565
0.82045513,0.029153882,0.8186527,0.0850874
0.8145859,0.025253901,0.8413101,0.088197775
0.80391866,0.02613843,0.84675586,0.08947308
0.82474065,0.025140654,0.83996487,0.087566935
0.80323595,0.024827942,0.854155,0.09005675
0.8315337,0.028697472,0.81043655,0.083910406
0.8467975,0.028175652,0.8182102,0.0852135
0.815346,0.03039451,0.81342727,0.08585456
0.8156615,0.028326813,0.82480884,0.08672705
0.8297133,0.026703572,0.8235252,0.08405305
0.8185414,0.027178844,0.82854855,0.08550272
0.80982673,0.024335703,0.85257167,0.08895624
0.82414687,0.02924227,0.8154518,0.08494025
0.8252882,0.026446674,0.8311746,0.08748642
0.82581306,0.03064408,0.8119594,0.08564895
0.82452786,0.025727186,0.8306102,0.08658976
0.80548733,0.028059201,0.8389801,0.08878427
0.8223038,0.02777087,0.8289674,0.08796872
0.8234107,0.027311468,0.8294986,0.08752374
0.8145261,0.025088998,0.85082763,0.088753864
0.8201507,0.025188658,0.8417257,0.08666643
0.8110782,0.025885958,0.8435555,0.08915604
0.81722885,0.028096536,0.8252073,0.08645613
0.8136769,0.026511073,0.84061736,0.08848315
0.8184972,0.02871984,0.82284,0.08624221
0.81650025,0.028432406,0.8305541,0.08852522
0.82707936,0.028985016,0.8197001,0.08692876
0.8146985,0.026098402,0.83625966,0.08735988
0.8130628,0.026073737,0.8388245,0.08749091
0.8100467,0.026589833,0.84063673,0.09019113
0.82471174,0.026797282,0.8313738,0.0875044
0.8073314,0.026221659,0.84498423,0.08954204
0.8129484,0.025992075,0.8398333,0.08794882
0.820583,0.026757227,0.8324316,0.0878151
0.812685,0.027673941,0.8335059,0.087812416
0.83264744,0.029858427,0.81218207,0.08613147
0.8089894,0.025851622,0.8425165,0.08809053
0.8172876,0.026218582,0.840054,0.0884187
0.8284293,0.028358797,0.8161651,0.08433347
0.8107369,0.027606908,0.8342755,0.0882987
0.81632936,0.025060218,0.8403977,0.08675799
0.8105397,0.027057758,0.84030396,0.08956898
0.8198372,0.025111852,0.84769946,0.09016303
0.82385606,0.0269114,0.82716054,0.08585061
0.8279941,0.027743109,0.8267165,0.08806762
0.81247336,0.02823217,0.8326713,0.08861579
0.8296025,0.027345935,0.8239741,0.08536043
0.8052942,0.02443504,0.85748374,0.0899738
0.8220299,0.028466294,0.823891,0.08675292
0.80996555,0.0276925,0.8326222,0.08777227
0.79093605,0.02472329,0.86952025,0.09398582
0.8247153,0.026183775,0.8356394,0.08664866
0.8198328,0.027001634,0.8324349,0.08757217
0.8044944,0.023127604,0.86655515,0.09075265
0.8252487,0.02729669,0.82422245,0.08516371
0.80027825,0.024619764,0.8602417,0.090399995
0.80686927,0.025361346,0.8448001,0.088275276
0.81932753,0.027015183,0.8298637,0.08587467
0.8148413,0.025423,0.8416943,0.08759366
0.82958007,0.027351217,0.8241508,0.08593915
0.8022338,0.026334632,0.8414437,0.08924627
0.8121736,0.026395895,0.83535314,0.08780988
0.83157724,0.026806898,0.83066875,0.0865045
0.82312256,0.02825557,0.82299274,0.0865989
0.8341439,0.029581707,0.81593883,0.08651861
0.8230874,0.02635766,0.83197975,0.0860506
0.80230594,0.025775848,0.8489981,0.08917774
0.8218859,0.027521724,0.8304139,0.08741566
0.8288569,0.029223256,0.814076,0.08523658
0.8208175,0.025667952,0.84264797,0.08857524
0.8113858,0.02617339,0.8458766,0.08890467
0.8178309,0.027591432,0.83005553,0.087019674
0.82324725,0.027180549,0.8238455,0.08672432
0.8215953,0.025982644,0.8369019,0.088163085
0.81976306,0.026940191,0.8276701,0.086164266
0.7944261,0.026225567,0.8495651,0.08932787
0.7957923,0.024646886,0.86434895,0.09279812
0.8162825,0.02739011,0.831111,0.0878772
0.8118453,0.02562658,0.8433649,0.087858215
0.8083443,0.027996615,0.834031,0.088389695
0.82486093,0.028497769,0.82249135,0.086800136
0.81780756,0.025013806,0.84603727,0.08879588
0.8110131,0.025522795,0.8456534,0.0886829
0.80031997,0.025504133,0.8505312,0.088137716
0.83027345,0.027266692,0.8223215,0.08485074
0.8185546,0.028771956,0.82465595,0.08670373
0.8023583,0.024246821,0.86153764,0.091696836
0.83313113,0.03178663,0.8054453,0.085098565
0.81350034,0.0271513,0.8309585,0.08614724
0.81275254,0.025846168,0.8456432,0.08847344
0.8301506,0.02637986,0.82703066,0.08564358
0.8205712,0.025163958,0.83972013,0.08663353
0.82291156,0.027958827,0.8281829,0.08621139
0.8175518,0.028676597,0.830406,0.08841227
0.7998114,0.024856651,0.8573652,0.091237634
0.80937207,0.026346778,0.8389688,0.08775752
0.8244956,0.027216505,0.82786787,0.08647573
0.82310325,0.025681095,0.836498,0.08758955
0.81849456,0.025743991,0.8440932,0.08923098
0.8172475,0.028449176,0.82566595,0.08643378
0.8041243,0.026630234,0.8455507,0.090369895
0.81942165,0.028424388,0.8288329,0.08877809
0.8403231,0.028528454,0.8123947,0.082306266
0.81432205,0.025891814,0.8388203,0.08704721
0.8228989,0.025436422,0.8382656,0.08734474
0.8032373,0.02548888,0.8533771,0.090173006
0.8200788,0.026144445,0.84046996,0.08962593
0.81400275,0.027445458,0.83326083,0.08718689
0.8223058,0.026634552,0.8316248,0.087187745
0.80166286,0.024025755,0.86588895,0.09232031
0.79666835,0.02623977,0.8491379,0.08942369
0.8118211,0.025704531,0.84553486,0.08891563
0.8189593,0.026306601,0.8405146,0.0889829
0.80936587,0.026928812,0.84127843,0.089918815
0.81893057,0.026897,0.83648634,0.088075034
0.812305,0.027488587,0.83344024,0.0878476
0.82406586,0.028005447,0.8222755,0.08556633
0.8195715,0.027673876,0.8301954,0.087403715
0.8100719,0.028365612,0.8333998,0.08868361
0.7942302,0.026931997,0.84759575,0.08915984
0.8387998,0.029784774,0.8056865,0.08443449
0.8227048,0.026102858,0.8292452,0.0848252
0.81559545,0.026172066,0.84050924,0.088493206
0.82721716,0.02490312,0.8408454,0.0872923
0.8077201,0.026185885,0.842833,0.08839496
0.81072825,0.028093394,0.8305607,0.088196576
0.8210839,0.026156066,0.83584404,0.08666754
0.79687047,0.025349298,0.8547947,0.09018401
0.8151593,0.026438465,0.8341558,0.08810116
0.80193645,0.026448762,0.8519111,0.09261904
0.82840526,0.030720787,0.80849,0.08506405
0.8175316,0.027298037,0.833401,0.08791165
0.82522815,0.027791038,0.82193565,0.08574492
0.8052707,0.028494168,0.8394089,0.09058286
0.8365906,0.030236892,0.8013858,0.082019284
0.8035967,0.02612496,0.8482385,0.090843394
0.8282348,0.026466437,0.823247,0.08450376
0.8119118,0.0258248,0.8450591,0.08940261
0.79705215,0.026275028,0.8485173,0.089475565
0.7989114,0.026374884,0.8472564,0.0894839
0.8165119,0.026040966,0.8393611,0.088129126
0.81325865,0.02647483,0.84055007,0.08794255
0.8243564,0.028714165,0.81767267,0.08482243
0.7909207,0.026784122,0.84711945,0.08921968
0.81835544,0.028917365,0.8241095,0.0869388
0.8120871,0.024704635,0.8521316,0.08889753
0.82431394,0.028376225,0.81994414,0.085696585
0.83031386,0.025787756,0.83462954,0.086518295
0.8345783,0.032119583,0.80112404,0.08553428
0.84241253,0.026374971,0.8194401,0.084325165
0.8119657,0.027904773,0.8253239,0.0849571
0.8194039,0.026254807,0.83398116,0.08724434
0.80587524,0.027230429,0.83533674,0.088063866
0.8231702,0.02782493,0.82258594,0.08507726
0.8358007,0.026606543,0.8235489,0.08606777
0.8224353,0.030313808,0.81054395,0.08504007
0.81800014,0.031338062,0.8077609,0.08401386
0.8123885,0.027172947,0.83721906,0.08838586
0.8118704,0.027996643,0.8283885,0.08691335
0.8283537,0.025557479,0.8401666,0.08970054
0.8171566,0.026685134,0.83073235,0.08624305
0.81452847,0.028715499,0.82749254,0.08791322
0.8251036,0.027826557,0.82321566,0.0862441
0.8269071,0.027234921,0.8283013,0.08655312
0.8064322,0.024356801,0.8494722,0.0878741
0.8219186,0.026102416,0.8331113,0.0859762
0.81014425,0.028588781,0.8280583,0.08784021
0.79938734,0.0251952,0.8587968,0.09157959
0.8141125,0.027797274,0.8303909,0.085684754
0.8307761,0.029991195,0.8157621,0.08752498
0.81450063,0.026641233,0.8367186,0.08808673
0.83016187,0.024627859,0.84009,0.08709822
0.8041177,0.027207507,0.8374112,0.08709724
0.81926346,0.027268128,0.82541716,0.084370375
0.81390214,0.027812667,0.82866716,0.08761223
0.8178756,0.026271231,0.84062654,0.08839501
0.8145844,0.029125571,0.82429194,0.08685239
0.80674094,0.028741315,0.8391199,0.09142623
0.8253057,0.02693131,0.8270731,0.08785175
0.8083756,0.026792305,0.83765614,0.088485464
0.8127278,0.02706958,0.8400978,0.09065155
0.8258201,0.027881635,0.81923527,0.08502486
0.8309163,0.029620988,0.8157498,0.086657666
0.82786685,0.031027494,0.8123866,0.08721618
0.8332397,0.026911901,0.83017707,0.08707097
0.8215252,0.025082013,0.84105647,0.088195674
0.82618886,0.027175222,0.8293238,0.08734545
0.8225112,0.02794783,0.8215537,0.08532862
0.7971856,0.027004885,0.8471913,0.08914209
0.81677026,0.026890332,0.8331955,0.08681398
0.83438843,0.029009102,0.812303,0.08474527
0.8182898,0.027680151,0.8276339,0.086094245
0.84045404,0.030566514,0.80194134,0.08406966
0.8150299,0.025224736,0.8494333,0.08972597
0.8194044,0.026793359,0.83327734,0.08792045
0.8023151,0.025801174,0.85022926,0.09020087
0.8150827,0.026089942,0.84254205,0.08927632
0.8120546,0.02672466,0.8433008,0.089646794
0.82067937,0.025939275,0.83923376,0.08832113
0.823024,0.028713781,0.8231219,0.087775536
0.8236099,0.03058799,0.81270826,0.08454127
0.8126893,0.025678836,0.84343576,0.08909159
0.83807224,0.028004626,0.8177792,0.08546015
0.8102027,0.026760945,0.84037393,0.08935494
0.81750226,0.027688764,0.8337499,0.08907742
0.8328921,0.025819357,0.8308852,0.08524174
0.82904893,0.028402757,0.82102877,0.08611923
0.818036,0.025102591,0.8402804,0.08632072
0.82319677,0.028183917,0.8254061,0.08745195
0.7972464,0.02389,0.8671695,0.09227445
0.8124037,0.027804023,0.83234406,0.088867694
0.82385033,0.028197553,0.8265324,0.08686079
0.83011156,0.027456997,0.8253872,0.08649109
0.82851964,0.02859615,0.8180284,0.086042985
0.82229894,0.027914062,0.8234123,0.08571338
0.8195708,0.026546456,0.8327244,0.0873829
0.8178394,0.02851601,0.8326087,0.08859452
0.8078484,0.025102347,0.85794175,0.092535324
0.81865466,0.02685229,0.83333004,0.087616846
0.81022036,0.026380727,0.8418736,0.088953204
0.82616,0.026864398,0.8300916,0.08731589
0.839437,0.030175634,0.8025255,0.084277734
0.8241168,0.026588647,0.8313824,0.0867205
0.8217949,0.027262006,0.83378917,0.087908864
0.8164636,0.026689874,0.8359489,0.08669861
0.80723506,0.028429437,0.8274869,0.08635946
0.82629675,0.029327618,0.81852424,0.0868686
0.8326823,0.027269233,0.8231531,0.08559361
0.815232,0.027194725,0.8302529,0.08607651
0.8351927,0.026995763,0.8221052,0.08553455
0.8052686,0.026768425,0.8425358,0.08850561
0.84045726,0.026544107,0.8221826,0.08407475
0.8096456,0.026999826,0.84111404,0.089997806
0.81115705,0.02501658,0.8494623,0.088770136
0.8277864,0.028788108,0.82443637,0.088288814
0.8465993,0.028011665,0.80742717,0.08223889
0.82779753,0.030149868,0.81048465,0.08502292
0.8111871,0.02755929,0.8317225,0.087168075
0.80133677,0.02514057,0.8484578,0.088118136
0.81932366,0.02497321,0.8469811,0.0896391
0.80556375,0.02773026,0.8322835,0.087237746
0.8360222,0.027775988,0.81710714,0.0841503
0.8128399,0.026065955,0.84092075,0.088418595
0.82070345,0.027079869,0.83529884,0.08902462
0.8313356,0.02749619,0.82316154,0.08618672
0.82520413,0.026150174,0.83335054,0.087778695
0.8216185,0.027204128,0.83076984,0.087214686
0.810176,0.025514532,0.84819883,0.08826943
0.8205993,0.02887737,0.8210917,0.08660198
0.8325159,0.028987186,0.81285083,0.08464124
0.83873105,0.027558448,0.8175336,0.084685005
0.81930137,0.026477052,0.83242095,0.085636474
0.82630956,0.02569757,0.83623546,0.0866762
0.8059627,0.025364164,0.85131156,0.08882876
0.80889887,0.024071224,0.8535126,0.08946108
0.82812303,0.028939808,0.81482875,0.08422259
0.8113565,0.027798103,0.83639467,0.08782465
0.8256592,0.027632445,0.8256409,0.0859895
0.8062584,0.02916376,0.83085877,0.089474306
0.8120534,0.02667282,0.83732224,0.08761576
0.8274625,0.025599662,0.83832395,0.087497815
0.8275641,0.028250275,0.82183117,0.08562945
0.82430166,0.028507499,0.819692,0.08635345
0.8222517,0.028045833,0.8268343,0.08807193
0.8152749,0.026022632,0.839213,0.08656284
0.8254287,0.028767215,0.8208757,0.08777012
0.8092849,0.026885312,0.84036505,0.088759065
0.8239051,0.028893368,0.8144568,0.0847016
0.80436474,0.026367018,0.84818757,0.08973269
0.80451494,0.025304595,0.8506907,0.0894749
0.81759655,0.024125472,0.8481368,0.08804493
0.81540996,0.028000373,0.82982063,0.086945534
0.8243655,0.02669035,0.828322,0.084829606
0.8186151,0.025757978,0.84265417,0.089344785
0.8060913,0.026560307,0.84061533,0.088575296
0.81270033,0.027072122,0.835673,0.0867884
0.8314376,0.030451594,0.80995214,0.08605279
0.82129186,0.02581159,0.84129566,0.08756439
0.82452893,0.027771983,0.8232235,0.08575894
0.8227705,0.026020348,0.8398511,0.08902585
0.8114973,0.027740747,0.83564603,0.08872242
0.8284742,0.028875064,0.81382203,0.08428933
0.82372856,0.026387464,0.83543664,0.08798206
0.8175362,0.02833571,0.8248666,0.087345056
0.8162442,0.026009494,0.8390907,0.08925221
0.80217135,0.025567163,0.85158825,0.08991669
0.8235854,0.027978025,0.8300098,0.08871303
0.8287971,0.025705775,0.83210367,0.08635345
0.80491996,0.026622755,0.8465111,0.08963978
0.8092071,0.025992142,0.84583884,0.088524796
0.84177506,0.028297106,0.80903083,0.08385581
0.82912517,0.02896619,0.81729245,0.08594031
0.8039216,0.025463084,0.8587817,0.0916983
0.8186737,0.028291628,0.82484156,0.08697475
0.8209302,0.025194107,0.8437864,0.08865355
0.8089271,0.026374267,0.8420975,0.08789069
0.8149696,0.027282689,0.83108544,0.08801412
0.81626636,0.026382387,0.8387947,0.08841547
0.7885711,0.024911482,0.8640075,0.09256237
0.8193464,0.024757996,0.84704363,0.0904677
0.82201636,0.025103694,0.8420717,0.08756994
0.8155851,0.028070062,0.83404887,0.089744136
0.8270453,0.027982881,0.82151884,0.085752174
0.80917615,0.025381979,0.84789485,0.089091204
0.7960722,0.024576869,0.85611707,0.089680076
0.81266284,0.026279006,0.84225893,0.0890653
0.8081481,0.025972666,0.8452034,0.087854534
0.80479133,0.027287295,0.8385759,0.08835135
0.8267264,0.030857412,0.8068995,0.08411174
0.8382538,0.029201888,0.81558144,0.08550507
0.8143701,0.025676662,0.8499143,0.091782615
0.80880934,0.026632322,0.8371147,0.087627955
0.8142804,0.027802225,0.82813543,0.08657512
0.8401623,0.030859265,0.8036631,0.084896415
0.8332871,0.02770446,0.8161882,0.08418903
0.8128987,0.027206035,0.84061056,0.08942337
0.80626464,0.026453158,0.8396238,0.087482415
0.82272935,0.026880331,0.83136666,0.08644524
0.82557684,0.026062923,0.8293472,0.084794626
0.82774323,0.026045013,0.8376159,0.0886107
0.79367757,0.024494603,0.86404437,0.0926571
0.8103649,0.027611542,0.832759,0.0877693
0.8228599,0.025635177,0.8359467,0.08627727
0.8170729,0.026053447,0.8438261,0.08910907
0.8031703,0.02576068,0.8503135,0.090541065
0.821139,0.02850455,0.824028,0.08751757
0.8237741,0.025903774,0.83513814,0.08672095
0.8205806,0.027627984,0.82564384,0.086314574
0.80783486,0.027638257,0.8314588,0.088007845
0.8130949,0.028683703,0.8272813,0.0879141
0.82386786,0.0271011,0.8280296,0.08495981
0.82464933,0.02966487,0.8167226,0.08575142
0.81960934,0.026099069,0.8420776,0.088706516
0.8303215,0.027773546,0.8225159,0.086358
0.8143357,0.026557913,0.83483666,0.08785644
0.80026704,0.027282806,0.8403282,0.089461185
0.8073779,0.026141683,0.8409322,0.08762411
0.828024,0.026526766,0.8303512,0.088132486
0.8193362,0.026395997,0.83482003,0.087801956
0.81807584,0.028037434,0.82726914,0.0858387
0.8255016,0.028637702,0.81815237,0.0868964
0.8209026,0.026731122,0.83147293,0.08861174
0.8125095,0.026515866,0.835069,0.087830886
0.7979213,0.025519472,0.8538527,0.08992351
0.80574375,0.027014976,0.84246564,0.08951186
0.8126842,0.027714642,0.8353805,0.088819824
0.8094333,0.025381368,0.844482,0.08808816
0.81599104,0.025311185,0.84788996,0.088909715
0.809412,0.028006556,0.8313479,0.08815069
0.8321948,0.026513236,0.8266217,0.08576477
0.82217395,0.0289889,0.8204968,0.08617419
0.8226498,0.026290512,0.8338691,0.087977864
0.81303567,0.028175848,0.8225242,0.08593341
0.8183078,0.027678864,0.82693446,0.086319365
0.80624366,0.025669323,0.8469489,0.08927713
0.80172104,0.026741894,0.8481483,0.08902458
0.8389195,0.027854254,0.8099825,0.084309384
0.8205825,0.027249703,0.8252341,0.085472316
0.82458884,0.028473584,0.8208691,0.085723355
0.82059747,0.027359663,0.8231623,0.08515431
0.81588817,0.030611679,0.8161261,0.08606781
0.8168942,0.025615169,0.84676355,0.08995568
0.8215413,0.026671065,0.8293153,0.08590952
0.8247569,0.027794577,0.8239195,0.08606765
0.81697816,0.026933365,0.8345406,0.08799343
0.8109975,0.02331012,0.8597326,0.09046539
0.82657343,0.027242083,0.8312963,0.08806748
0.81342316,0.02486486,0.84618324,0.08675921
0.818578,0.027944686,0.8284869,0.08740028
0.8157388,0.024939163,0.8446119,0.087577894
0.80812514,0.02602082,0.8511515,0.09199493
0.80758154,0.02606749,0.85106474,0.091513045
0.8037803,0.025783563,0.85050434,0.09056952
0.8200546,0.024980165,0.84165686,0.08768883
0.81469065,0.029382952,0.824083,0.08752598
0.81570655,0.026391666,0.83673066,0.08693907
0.8016142,0.02640236,0.8481519,0.091226734
0.8282765,0.027920425,0.82523817,0.08675135
0.81500787,0.025882619,0.8427033,0.09000802
0.8179998,0.025985755,0.8335437,0.08579402
0.80876404,0.02532982,0.84579337,0.08858149
0.812815,0.025492309,0.84499824,0.08848747
0.83274233,0.027689656,0.8217668,0.0860194
0.8190859,0.025493426,0.84097207,0.087208055
0.81176513,0.02568851,0.8461597,0.090420455
0.8298562,0.030872747,0.808491,0.085049435
0.82583904,0.027155733,0.8236809,0.08547529
0.8230897,0.02647995,0.8312675,0.08655234
0.8051765,0.02615321,0.8430242,0.08766369
0.8012376,0.026296085,0.84344614,0.08803221
0.81897223,0.02599259,0.83692056,0.08760404
0.8257665,0.02672329,0.8291592,0.0874116
0.8162965,0.026960175,0.8295441,0.08606609
0.8334553,0.028661301,0.813286,0.08472477
0.8187857,0.02557968,0.8346081,0.08603964
0.828151,0.029363217,0.81053835,0.084193386
0.8270063,0.028084388,0.81603855,0.08371859
0.8245934,0.028436426,0.82614994,0.088469096
0.8253557,0.027423114,0.8280061,0.087711796
0.81563395,0.027820513,0.8320756,0.088227026
0.817646,0.02603554,0.83881414,0.08844229
0.82024246,0.028180147,0.8238602,0.0860402
0.8030906,0.02647476,0.8465522,0.09118692
0.80828214,0.024531487,0.85578334,0.090007424
0.80175346,0.025061958,0.8486099,0.088120595
0.8333731,0.029817984,0.809574,0.08628743
0.8168861,0.02659524,0.8362657,0.0874439
0.8246963,0.028685234,0.82031536,0.0871345
0.82244235,0.026824493,0.8315069,0.086119846
0.8265332,0.02992823,0.807403,0.083565935
0.82134783,0.026683161,0.83423,0.08901323
0.8271371,0.028507961,0.82215714,0.08801351
0.80699956,0.028904695,0.8329798,0.08972638
0.81720126,0.025985489,0.8392526,0.0871882
0.82205075,0.025837753,0.8376463,0.08720433
0.82793826,0.027211146,0.8249071,0.08537893
0.82544035,0.02931853,0.81202555,0.08478731
0.8082779,0.027946617,0.8333479,0.08791892
0.8268524,0.028197944,0.8260685,0.087385714
0.80803615,0.025525812,0.8462245,0.08904449
0.81531817,0.025893642,0.8439051,0.08946185
0.8132229,0.026666055,0.8399603,0.089053065
0.8251094,0.027724244,0.8234985,0.08526696
0.8197488,0.026702603,0.83550197,0.08772589
0.80219585,0.02710409,0.8412997,0.089382194
0.82932866,0.02666292,0.82749766,0.08449961
0.82874125,0.026883125,0.8284697,0.08644965
0.82458895,0.027805626,0.8260291,0.08620084
0.82432455,0.026517984,0.8334183,0.08697477
0.8298305,0.028654004,0.8139408,0.0844839
0.82041484,0.0271902,0.83000237,0.08761578
0.81930447,0.028219452,0.8236232,0.08550313
0.80185217,0.026579572,0.84931356,0.09123478
0.84098303,0.030024013,0.80804193,0.08428495
0.8119365,0.027976958,0.8302029,0.08793528
0.82886827,0.028268123,0.8218167,0.086674176
0.8158451,0.026573652,0.8331516,0.087389484
0.8299024,0.028616816,0.81941915,0.0862053
0.8009591,0.02772084,0.83811444,0.08753516
0.81419355,0.027286123,0.8377086,0.08888386
0.8136833,0.027706172,0.8335076,0.08885104
0.8027193,0.026612919,0.8382258,0.087400734
0.8265929,0.028269168,0.81407243,0.083807595
0.82730323,0.028805966,0.8212609,0.08709227
0.81685865,0.0276267,0.8263797,0.08605954
0.8271025,0.030594226,0.8090485,0.084712386
0.8145169,0.028005594,0.8333271,0.08868116
0.82787085,0.029873686,0.81446475,0.08543265
0.81539375,0.026529087,0.83186275,0.085141525
0.8080533,0.026205428,0.84305567,0.08830389
0.81694484,0.026113104,0.83749765,0.08633443
0.8144705,0.027259892,0.83409977,0.087548934
0.8258709,0.028760646,0.82322216,0.086806074
0.81840736,0.02895903,0.8198927,0.08515667
0.81607085,0.026273116,0.8381024,0.088558465
0.8128398,0.024745027,0.8440794,0.08674988
0.8168399,0.026590949,0.83188593,0.08724291
0.81736565,0.02869891,0.8264474,0.08747706
0.807854,0.024138417,0.85465884,0.089935005
0.8218787,0.028395724,0.8180911,0.08461864
0.8343409,0.02970393,0.8072186,0.085115485
0.82191104,0.027690943,0.82415485,0.085975766
0.8192433,0.027908398,0.8241333,0.084950745
0.8079846,0.031109715,0.8181576,0.08762881
0.8118486,0.030998584,0.82384264,0.08950904
0.80055654,0.023736808,0.85865474,0.08861854
0.8204878,0.027471783,0.82440275,0.085428
0.81298363,0.02955694,0.82517844,0.088086985
0.81521624,0.02495358,0.84837496,0.08885286
0.81327105,0.026862988,0.83836186,0.08843578
0.80156076,0.026438637,0.84436744,0.089231506
0.80770195,0.02660672,0.8356728,0.08733331
0.81553906,0.028453408,0.8256845,0.08650237
0.82147425,0.025095435,0.8461844,0.08914488
0.81234163,0.025740875,0.84261054,0.088415764
0.81325936,0.029494444,0.8188228,0.086940706
0.83740824,0.030610614,0.8043851,0.08473832
0.8272469,0.027866757,0.82397014,0.08613463
0.8186658,0.028560188,0.81847477,0.08476023
0.80932456,0.027463583,0.8354667,0.08779333
0.8070017,0.025275135,0.84645784,0.08797516
0.8235997,0.028881466,0.8215172,0.08640372
0.803261,0.026226103,0.8485156,0.090237916
0.8158394,0.028452987,0.83100045,0.08922219
0.8347423,0.02777542,0.8204683,0.0854043
0.8045065,0.026770538,0.84227705,0.089466706
0.8108422,0.025743298,0.84734243,0.089802526
0.8025707,0.027495962,0.83658767,0.088278875
0.80445397,0.025425024,0.84906113,0.0896572
0.81584036,0.02827456,0.8258495,0.08650307
0.8280358,0.028813384,0.8224692,0.08835002
0.83621955,0.026664726,0.8233927,0.086213626
0.8383797,0.028140306,0.8171229,0.08514266
0.8302122,0.028922942,0.8133186,0.08590258
0.81243575,0.025896655,0.8368942,0.08694993
0.82627636,0.027553659,0.82657623,0.0870574
0.82702225,0.02736102,0.82424,0.08571763
0.8214414,0.027178377,0.8312379,0.08815886
0.81613636,0.025087101,0.8451792,0.08809875
0.8244622,0.026249606,0.8304032,0.086462125
0.81184644,0.026224121,0.84404147,0.0896
0.8178185,0.029289557,0.82381684,0.08780438
0.8049437,0.02637318,0.8461206,0.08882315
0.80964303,0.02640372,0.8433752,0.08959771
0.8168705,0.02644661,0.8375817,0.08845317
0.8141561,0.025378313,0.84002554,0.08739678
0.82892585,0.027367903,0.82567114,0.08587993
0.81817025,0.026995506,0.8337879,0.087743334
0.82590675,0.027993198,0.8182822,0.08414183
0.7956794,0.02554901,0.85916483,0.09071053
0.8225955,0.028705027,0.8248563,0.08714541
0.8142671,0.025882421,0.84476864,0.08844948
0.8082017,0.02557546,0.8494565,0.08994219
0.8056568,0.027777478,0.8378893,0.08945084
0.82290316,0.026059082,0.8364775,0.08809993
0.8063171,0.024962464,0.85205,0.08928277
0.8199019,0.028518708,0.8258717,0.086559646
0.81798834,0.028215555,0.8248582,0.08563225
0.8076563,0.027428333,0.8387964,0.08909427
0.82026166,0.028104689,0.82366526,0.08657999
0.8447834,0.030160645,0.80370265,0.08312379
0.80799884,0.027024517,0.83997804,0.088422365
0.836375,0.02968127,0.81330955,0.08538616
0.81459403,0.025174826,0.84177315,0.08706747
0.83224905,0.026615648,0.82729524,0.08672045
0.84395057,0.028669175,0.8103521,0.08445293
0.8367103,0.028201943,0.81790113,0.08609685
0.8071367,0.025560226,0.85087794,0.09075026
0.80875295,0.02527208,0.8475114,0.08990349
0.8156924,0.024956852,0.851071,0.08993239
0.8101968,0.026462266,0.8428185,0.08848234
0.8276855,0.028376028,0.818514,0.085395336
0.8225232,0.02641688,0.83562857,0.08834379
0.81596875,0.025507951,0.8415843,0.08704285
0.83110476,0.027492816,0.8216968,0.086355515
0.820271,0.025837487,0.83553886,0.08547005
0.8226144,0.02882758,0.8221215,0.08706547
0.81255436,0.027111879,0.83591425,0.08749681
0.82680213,0.024717042,0.8418742,0.088114396
0.8082195,0.029467797,0.8253906,0.08842627
0.8038687,0.02755285,0.8411567,0.08946878
0.8263258,0.02724975,0.8292672,0.08765955
0.8191928,0.024957811,0.8438606,0.08759579
0.8158019,0.026843749,0.8411595,0.08929176
0.8116183,0.027212659,0.8402216,0.0893972
0.8384135,0.02967289,0.8066584,0.08464243
0.82256436,0.026564866,0.8370433,0.08822072
0.80883694,0.026209926,0.8417832,0.088802144
0.8097119,0.026301771,0.84098625,0.08832319
0.81947297,0.027722267,0.8295332,0.08654641
0.81423324,0.02777434,0.8283532,0.08612617
0.81812656,0.02859007,0.8270115,0.087476075
0.82603866,0.026735341,0.8311907,0.08868214
0.8175466,0.026994754,0.8309562,0.086280726
0.8092957,0.027498093,0.8424231,0.08978876
0.81557524,0.028277284,0.8319125,0.088541955
0.81807286,0.028259875,0.8265475,0.08728009
0.8223591,0.027829753,0.830753,0.088110976
0.81081927,0.030011768,0.8258022,0.08953162
0.80674094,0.025328377,0.845888,0.08820593
0.81501955,0.025708264,0.842993,0.086919524
0.8451982,0.030688139,0.7999046,0.08434358
0.8345669,0.029536497,0.8072655,0.0843129
0.82777864,0.028980123,0.8167016,0.085543014
0.7855277,0.0241371,0.87714386,0.09330096
0.807702,0.027721098,0.8344949,0.08826549
0.82240295,0.026517408,0.8341327,0.08678424
0.8181848,0.027392037,0.8236746,0.08492095
0.8275825,0.02680029,0.8296295,0.087176725
0.8222584,0.027358945,0.8302546,0.08846414
0.83488023,0.026918182,0.8241606,0.0850173
0.8258916,0.028976385,0.81407624,0.08428087
0.82182866,0.027234284,0.83547395,0.089023516
0.8082426,0.026547942,0.845057,0.09020072
0.81688833,0.026721373,0.84291935,0.09043201
0.8173102,0.027561162,0.83414197,0.08852604
0.8102522,0.026680382,0.83551043,0.08672796
0.80982864,0.025921907,0.84137785,0.087890334
0.79703474,0.027598491,0.8471037,0.09146015
0.8046908,0.02577612,0.8478132,0.090001196
0.8209283,0.026957912,0.83419794,0.08864698
0.8092816,0.02341334,0.85681516,0.08901814
0.8208394,0.029216312,0.8200653,0.08684096
0.8260562,0.028602028,0.82080525,0.08528414
0.7899428,0.025408681,0.8551306,0.09001788
0.8175306,0.025979547,0.83461356,0.087277
0.82759565,0.026578037,0.8313975,0.085928366
0.8100226,0.028007558,0.8282253,0.08656619
0.8158991,0.027900355,0.83284754,0.08840628
0.8062755,0.02562402,0.8481406,0.08994474
0.82080656,0.028435044,0.82229626,0.08710451
0.83396626,0.029058645,0.8148624,0.0868298
0.81433374,0.025935953,0.85093546,0.091603
0.8186897,0.027687754,0.83313924,0.08815691
0.80966944,0.026974255,0.84194803,0.0896145
0.8182641,0.026219277,0.8385776,0.0886324
0.80401254,0.026730185,0.8403627,0.08792052
0.81846213,0.028305965,0.8269915,0.087508745
0.8122051,0.026860112,0.8347343,0.08790059
0.821987,0.028054345,0.8230624,0.08587117
0.8446157,0.024873002,0.8297011,0.08682143
0.7980748,0.02520899,0.8544163,0.09097624
0.8210333,0.028761873,0.825807,0.08739215
0.8036494,0.026284477,0.8425106,0.08886691
0.79821545,0.02454255,0.8627538,0.09216359
0.8164714,0.028247487,0.8285119,0.08696693
0.8146729,0.026580896,0.8394208,0.08942958
0.8241703,0.025038974,0.84172934,0.087218866
0.8049178,0.0242306,0.85602725,0.089388244
0.8324112,0.028354267,0.82090896,0.0868564
0.82185477,0.027145784,0.8304966,0.087594576
0.8152182,0.024614776,0.8447786,0.08629918
0.8251843,0.027376648,0.83155936,0.08805614
0.8108065,0.024480166,0.8523007,0.08979636
0.8258191,0.029910868,0.81524104,0.08600342
0.80055135,0.024519354,0.85594654,0.090162
0.8153735,0.026619785,0.83997667,0.08961822
0.8162052,0.028177211,0.83781296,0.09093035
0.8202681,0.02669561,0.83538204,0.08751264
0.82812935,0.027152704,0.825919,0.08628035
0.8166772,0.026746964,0.8332309,0.08680249
0.83072084,0.028258199,0.8206685,0.08661225
0.82075745,0.026821602,0.8299441,0.086955525
0.8240698,0.029757617,0.8164677,0.085210815
0.8048736,0.026742972,0.8472471,0.09169355
0.8050578,0.026359873,0.8404393,0.08839248
0.8225498,0.026268344,0.8348577,0.08565542
0.8175494,0.027501712,0.8255772,0.08561202
0.8183738,0.027105985,0.8322646,0.08836951
0.8170381,0.027090117,0.8344984,0.08842574
0.81726223,0.025396688,0.83591473,0.08674386
0.8202491,0.028146781,0.81830984,0.084009856
0.8043045,0.027061557,0.8417324,0.08930313
0.83194035,0.027716499,0.82425267,0.08571902
0.8131994,0.024661569,0.8519334,0.08994517
0.8127967,0.025599185,0.8475304,0.0897258
0.8145131,0.027192902,0.8318232,0.087927625
0.8092875,0.02685629,0.83385056,0.086383104
0.8239765,0.028385684,0.8220538,0.08659446
0.83422863,0.028476238,0.81148535,0.08415106
0.8221452,0.026640706,0.83026475,0.08450544
0.82017976,0.028273247,0.824791,0.087582365
0.82273716,0.027098037,0.83639157,0.09015579
0.8144457,0.026681725,0.8380786,0.088584356
0.80753577,0.028266978,0.8376489,0.0902777
0.8240154,0.028192163,0.83127904,0.08828027
0.81946415,0.027320031,0.82990015,0.087123655
0.83092844,0.029098911,0.81218845,0.08323089
0.82383835,0.027451623,0.8227549,0.08570355
0.82862395,0.028118337,0.82363564,0.086149685
0.82009554,0.025899366,0.8355779,0.087981746
0.808297,0.026262596,0.83941084,0.08882931
0.8348916,0.029281618,0.8108207,0.08415535
0.8283605,0.02895829,0.81694335,0.08414017
0.82940453,0.028817272,0.81425923,0.086044915
0.8246424,0.02933734,0.8196506,0.08746513
0.8167013,0.027681286,0.82778907,0.08678047
0.79846567,0.026164237,0.8557968,0.09139212
0.80654025,0.025865234,0.84274644,0.08731822
0.8064516,0.025453342,0.8508896,0.08959369
0.83253235,0.028392494,0.816507,0.085125774
0.82867587,0.02688012,0.8311172,0.088379264
0.818051,0.027529592,0.8312805,0.08806703
0.82394844,0.026630666,0.83164763,0.085427776
0.80945396,0.026791997,0.83931476,0.08693809
0.81538546,0.027121952,0.8340755,0.087341845
0.83085746,0.028882114,0.8114909,0.08482457
0.8160388,0.026705367,0.8349015,0.0868699
0.8292474,0.026367402,0.8267956,0.08546284
0.8203106,0.02628366,0.83607906,0.08629157
0.8150749,0.025382645,0.8424612,0.08880335
0.8258913,0.026669698,0.8298254,0.08576091
0.8237873,0.028455464,0.8223901,0.086505696
0.8163646,0.027313668,0.8368153,0.08968465
0.815293,0.025274388,0.8414043,0.08776577
0.8215121,0.026950568,0.83084965,0.08694166
0.82857466,0.028717067,0.8112882,0.0846048
0.81682765,0.026476119,0.84207577,0.08969992
0.80267197,0.02699205,0.8442011,0.089653865
0.81486136,0.027707737,0.8310003,0.08755666
0.83569163,0.029297777,0.81765383,0.08658241
0.8234749,0.028963974,0.81991947,0.08537643
0.8245834,0.028558977,0.81700677,0.085505985
0.8246424,0.026829725,0.8345816,0.08980353
0.81313807,0.025080953,0.84701216,0.08949739
0.81542635,0.025901051,0.84373,0.089853264
0.8170139,0.025744392,0.83733773,0.08731476
0.8025831,0.027313473,0.8397073,0.08844292
0.8186672,0.028265549,0.82465416,0.08640576
0.8141731,0.02777634,0.8339395,0.088986486
0.8250676,0.025855938,0.835948,0.08731713
0.8142605,0.025501579,0.84128445,0.087460816
0.80453897,0.02458253,0.85561913,0.08979702
0.809815,0.02603847,0.8417853,0.08900108
0.8044545,0.02619655,0.84077764,0.087231174
0.8131855,0.02734297,0.8345381,0.088215314
0.8312696,0.028461467,0.8155879,0.08528768
0.8124155,0.027518371,0.8332671,0.08770448
0.8130475,0.028312594,0.83053946,0.08854078
0.83427346,0.02715535,0.8255067,0.08596267
0.8136576,0.02707595,0.83915967,0.089954436
0.8042102,0.027595794,0.83217496,0.087537855
0.8241722,0.02674683,0.8256453,0.08646231
0.8459212,0.027936699,0.8123753,0.084693484
0.8122525,0.025109332,0.85306716,0.09051987
0.8399436,0.028831745,0.8084283,0.083754145
0.80808324,0.02819311,0.83570296,0.08938452
0.82944316,0.031206936,0.7992394,0.0827147
0.8123762,0.026465004,0.8386891,0.08829384
0.81508356,0.027180536,0.8355843,0.087985374
0.8280464,0.027238311,0.83027244,0.08711522
0.81994534,0.026743475,0.8297827,0.08612713
0.81645167,0.025778743,0.83960927,0.087671466
0.81518537,0.02580686,0.84166574,0.0880328
0.78554416,0.026372382,0.85903186,0.09214356
0.82159144,0.02661858,0.83442134,0.08735224
0.81914693,0.025858434,0.8390228,0.08796157
0.81635565,0.025606742,0.84413844,0.08909272
0.8194552,0.025432961,0.84463394,0.08925806
0.807448,0.025491536,0.8492867,0.091016695
0.8337083,0.027193448,0.8186707,0.08372855
0.80524457,0.02691731,0.84151554,0.08885763
0.8190165,0.027612312,0.82621783,0.08747249
0.8213195,0.02735725,0.8254412,0.086828016
0.82372904,0.026632844,0.8307215,0.08655114
0.8008207,0.026047006,0.84371483,0.08889069
0.82590175,0.026096094,0.8316958,0.08653466
0.8189426,0.026320685,0.8384397,0.0870963
0.8145792,0.026539152,0.841742,0.088849306
0.82985866,0.029007552,0.8146339,0.08465436
0.8238005,0.02777889,0.82914555,0.086856335
0.822314,0.029460821,0.81503785,0.0852407
0.7941579,0.025567822,0.852646,0.09025639
0.8319138,0.02798587,0.8237625,0.08725718
0.82657135,0.028098458,0.8182377,0.08456955
0.8199817,0.028388156,0.8284098,0.08822644
0.81846887,0.029273206,0.8226855,0.087681815
0.81622326,0.026692942,0.83308965,0.08625279
0.82374644,0.027903734,0.8250912,0.08686404
0.82454956,0.027556745,0.82622254,0.08603152
0.8205374,0.026655369,0.8372353,0.089001
0.83177394,0.028213667,0.82034814,0.085940085
0.82710177,0.028297363,0.8184902,0.0849151
0.83013177,0.027801927,0.8178149,0.08450662
0.80609417,0.023951193,0.85900164,0.08995838
0.8247379,0.02930338,0.82350004,0.08678675
0.806033,0.025613477,0.8487707,0.089150555
0.80760753,0.026995918,0.83657956,0.088438936
0.8196332,0.029089192,0.82459694,0.08830631
0.8206834,0.030770252,0.8142781,0.08723758
0.8089745,0.026878787,0.8411783,0.08973633
0.83173984,0.027777221,0.8200449,0.08399309
0.81196815,0.026355198,0.83914423,0.08840124
0.8396528,0.029269606,0.8085307,0.08454752
0.8303122,0.028028212,0.8211604,0.08669368
0.82625806,0.026617069,0.8255341,0.08527117
0.8198256,0.028590227,0.82721,0.088248365
0.82037705,0.02678312,0.8364812,0.088236116
0.8161775,0.028622234,0.8238292,0.08772206
0.80618584,0.02629658,0.84618235,0.09006828
0.82998127,0.026311193,0.83161163,0.08605119
0.80918455,0.028121896,0.83318895,0.08719972
0.8227577,0.02723198,0.82665193,0.083910786
0.8187786,0.028348379,0.82084125,0.08538858
0.83236724,0.030106861,0.809319,0.08565448
0.806772,0.0266124,0.8414868,0.08757793
0.827129,0.028893009,0.81546766,0.085110515
0.8191528,0.028141864,0.82430106,0.085611284
0.8131346,0.027182888,0.83448756,0.08774183
0.8125026,0.025257383,0.8488628,0.08933407
0.8110116,0.024638413,0.8545151,0.09028276
0.82770413,0.026173927,0.8363462,0.08693882
0.82810783,0.02869564,0.81770444,0.0865911
0.825736,0.028884593,0.8185491,0.08640671
0.80718637,0.027045613,0.8388612,0.08900098
0.8141479,0.026411584,0.83977354,0.08810345
0.8243918,0.026879178,0.8304693,0.08728733
0.8151935,0.027719624,0.83629704,0.08862358
0.8153763,0.025643436,0.84131294,0.08860932
0.8344115,0.028248161,0.82000566,0.08557884
0.8224907,0.027162,0.8327607,0.0864043
0.81318414,0.02882378,0.82145506,0.08621208
0.8115481,0.023917098,0.851394,0.08833808
0.8023603,0.02736973,0.83894426,0.0891013
0.8266311,0.02606209,0.83579093,0.08708925
0.8198263,0.026612557,0.829673,0.08593423
0.80265415,0.027201481,0.8410777,0.08894994
0.82320005,0.026293684,0.83525455,0.08733466
0.7944959,0.025661577,0.8503419,0.088974394
0.8041336,0.025631107,0.8457094,0.08895753
0.8087386,0.026309913,0.841748,0.08822375
0.81664485,0.028326077,0.8218569,0.085000746
0.81956524,0.02669181,0.8300019,0.08513318
0.81659144,0.026244912,0.83592045,0.08592259
0.8167846,0.02781806,0.8298261,0.08668399
0.8207782,0.026801914,0.8361376,0.087838806
0.8272627,0.028611235,0.8206486,0.085855216
0.8265976,0.027151227,0.83116204,0.08793041
0.8231879,0.029865604,0.81301826,0.0861918
0.8156647,0.029163461,0.82222766,0.08776717
0.81022084,0.027430013,0.839453,0.09032571
0.8235899,0.027639456,0.83016014,0.08822276
0.82021177,0.027586715,0.83458084,0.08935946
0.8077241,0.027199341,0.8382303,0.08768794
0.8218976,0.028319351,0.8213888,0.0851956
0.81791645,0.028590424,0.82383776,0.08764641
0.80445576,0.025003165,0.8564478,0.09028151
0.8275642,0.025730118,0.83489126,0.08671471
0.8091786,0.025414849,0.85025907,0.090765975
0.81341535,0.025702674,0.84060276,0.08843706
0.8168723,0.027315421,0.83869386,0.08937265
0.8200679,0.026851347,0.8275782,0.08504834
0.8222891,0.02738804,0.8289222,0.087263584
0.7984491,0.02518595,0.8581912,0.09075098
0.83200747,0.027407205,0.8276076,0.08752898
0.8152096,0.02683362,0.8366712,0.08735413
0.825497,0.026478365,0.8317717,0.08698482
0.80260795,0.027387466,0.8423604,0.08930989
0.81689656,0.02630258,0.836029,0.087902725
0.8259773,0.026389118,0.82902896,0.085079186
0.8118398,0.028392812,0.8332632,0.087835155
0.80745953,0.025948904,0.8425539,0.088786684
0.80976444,0.026345283,0.84860003,0.091201596
0.829941,0.026575401,0.83185154,0.08614763
0.8233644,0.027692739,0.82625204,0.08614874
0.82968605,0.027101466,0.8269604,0.08637849
0.82332695,0.026953863,0.83428437,0.088676214
0.8181979,0.026398167,0.8425702,0.09019272
0.8152074,0.026418151,0.83716404,0.087552816
0.81463253,0.023872508,0.85004854,0.08783095
0.8169951,0.026586747,0.83669204,0.08794481
0.8296249,0.03056945,0.8081824,0.08456945
0.8095279,0.02702294,0.84057134,0.090224855
0.8200517,0.02819588,0.82275987,0.086277455
0.81758654,0.027459538,0.8296347,0.086784676
0.8290555,0.0297955,0.8160474,0.08725181
0.8324312,0.029710935,0.8110559,0.084377356
0.81730235,0.027076874,0.8338583,0.08820966
0.8102174,0.026269935,0.84596306,0.090578414
0.81632704,0.026577493,0.83590657,0.087889165
0.8237456,0.031306256,0.8093499,0.086860605
0.83018965,0.029857352,0.8118047,0.084244266
0.8355066,0.025983728,0.829496,0.08613748
0.8160417,0.026689066,0.83656496,0.088487804
0.80687624,0.026030779,0.8437888,0.08926047
0.8382358,0.029335689,0.8099744,0.08454667
0.8245935,0.029170478,0.8187146,0.08654161
0.8292074,0.02878626,0.8184645,0.08655347
0.7968642,0.024842877,0.8565724,0.090539016
0.80340004,0.026710894,0.84861195,0.09028153
0.80436665,0.02781327,0.8404921,0.09044607
0.83126444,0.028786864,0.8194285,0.08694402
0.8088142,0.029095476,0.82496166,0.0874532
0.81433004,0.02543048,0.84092695,0.08720549
0.81005675,0.026173322,0.8450253,0.08897985
0.82159173,0.028099658,0.82505286,0.086241275
0.8192039,0.025668252,0.84150636,0.088206716
0.8016399,0.025004398,0.8559897,0.09106625
0.83927786,0.029354796,0.81316185,0.086285226
0.8144401,0.02625154,0.8387566,0.08849485
0.8257409,0.028333459,0.82017773,0.085373595
0.8166268,0.027476663,0.8327953,0.08767905
0.81305015,0.02622479,0.8379093,0.08793305
0.8155648,0.02488017,0.85410947,0.0908257
0.8223611,0.02575347,0.83469164,0.08742168
0.806232,0.026333258,0.8401427,0.0871888
0.8261079,0.029548442,0.8197138,0.08662304
0.8286437,0.028015645,0.82281804,0.08584175
0.8068707,0.026332473,0.8471656,0.090303965
0.8292905,0.027454045,0.8241186,0.08604454
0.80624413,0.027683074,0.8378624,0.08891563
0.8326456,0.028201647,0.81861717,0.08489751
0.85090476,0.027990669,0.8151416,0.08640152
0.84142745,0.03133252,0.7962163,0.08207314
0.8243176,0.024706548,0.84486055,0.08824575
0.81801987,0.026890216,0.831958,0.087252825
0.80155826,0.024587747,0.86026305,0.09154783
0.8143065,0.02654221,0.84028155,0.08764818
0.81947505,0.027563548,0.83139956,0.08953738
0.8316835,0.027414681,0.8248289,0.08538141
0.80981255,0.026740173,0.8386945,0.0890013
0.8227978,0.02736059,0.8295287,0.08641776
0.810459,0.026154475,0.8446361,0.08972471
0.8175061,0.027578449,0.83167505,0.08803914
0.8298884,0.028277352,0.8210194,0.08589422
0.8186333,0.02717626,0.8289486,0.08532734
0.82559234,0.029246844,0.8212048,0.08776719
0.81419545,0.02828077,0.8284949,0.08648188
0.82409483,0.026879339,0.8331449,0.08784517
0.80572605,0.025488444,0.8474328,0.08896205
0.81953144,0.028198333,0.820927,0.08550704
0.8235538,0.026857411,0.8298164,0.08675927
0.8080255,0.024883986,0.856704,0.09109804
0.81404996,0.027561989,0.82996315,0.08554008
0.82232094,0.029829262,0.8133647,0.08460716
0.7983966,0.025050314,0.8519511,0.08912097
0.81679785,0.025975032,0.839625,0.088026375
0.8049415,0.02756575,0.837317,0.08966394
0.80537516,0.026024554,0.84904605,0.09142126
0.824809,0.027710875,0.8250602,0.08741155
0.8176195,0.025557052,0.8412793,0.08770454
0.8121683,0.026420476,0.8445614,0.09002944
0.8058518,0.024771068,0.85199845,0.08907679
0.8169104,0.02533975,0.8428889,0.08805826
0.8199627,0.026200311,0.83386827,0.08734593
0.82213247,0.02636184,0.8307269,0.08604549
0.8113221,0.026167668,0.8440717,0.08892719
0.82309425,0.028869886,0.8223932,0.086490124
0.81935924,0.027925618,0.8307845,0.08788288
0.816051,0.028377308,0.8260994,0.08668478
0.8203102,0.027825063,0.8245571,0.08576283
0.81164694,0.027990656,0.8301306,0.08700822
0.8328258,0.029234456,0.81645703,0.087011166
0.8151462,0.027676329,0.8326978,0.08871864
0.8296942,0.02767404,0.8206299,0.08529448
0.8134345,0.02694582,0.8438481,0.0913879
0.8170946,0.02804376,0.8320939,0.0886637
0.8199878,0.028340809,0.82180285,0.085087135
0.8128134,0.026134785,0.8395038,0.08742962
0.82352316,0.02561286,0.8343466,0.08712947
0.8142363,0.026999079,0.8394246,0.0894105
0.8227354,0.028385827,0.8191193,0.08434819
0.8159763,0.024599135,0.8508922,0.0897285
0.8151596,0.028452093,0.83055043,0.08707955
0.81622046,0.026912715,0.8358221,0.08815304
0.83193874,0.02938331,0.80925125,0.08474638
0.80775917,0.028568115,0.8302092,0.0869791
0.82201785,0.028494168,0.8242044,0.08640675
0.8093852,0.024893243,0.8513288,0.08863415
0.83137405,0.027815195,0.8180989,0.08458784
0.8341294,0.02796732,0.821504,0.085184105
0.8081193,0.026721105,0.8413491,0.088710174
0.8164709,0.02463553,0.84734917,0.08735405
0.81779385,0.025124123,0.8455706,0.088499665
0.8088061,0.026303722,0.84499073,0.08904596
0.8024695,0.025841665,0.84965676,0.089764014
0.79858947,0.027293248,0.8389376,0.08793383
0.81756294,0.028045157,0.8331151,0.08902617
0.8348697,0.027891649,0.81868374,0.08482239
0.8038209,0.027434899,0.8359147,0.08681781
0.81867623,0.02543033,0.84540486,0.089139186
0.8002829,0.023642667,0.8617669,0.09124227
0.8099911,0.02496012,0.8470473,0.08831563
0.81242585,0.029310416,0.82539785,0.08763239
0.8361855,0.031020386,0.8024566,0.08392439
0.8355404,0.027042784,0.82640314,0.08553198
0.83398956,0.027374664,0.8197076,0.08545033
0.8230753,0.026246803,0.8359658,0.08787596
0.8304002,0.028048728,0.82303715,0.086281486
0.80087394,0.02708816,0.84334606,0.08878074
0.81238025,0.02755837,0.83308613,0.08762923
0.8311897,0.027710035,0.82333785,0.085262164
0.8215487,0.028543537,0.82441384,0.08645353
0.80753416,0.027362011,0.8365861,0.087843895
0.8080844,0.02719311,0.84292054,0.09110971
0.8328145,0.027987432,0.8216452,0.08514443
0.80813646,0.026481856,0.841663,0.08786551
0.8200651,0.027512709,0.8286262,0.08661497
0.8157218,0.025940895,0.841447,0.088279784
0.82072806,0.025489513,0.8405528,0.08794083
0.8161629,0.027349092,0.83596236,0.08901636
0.8227034,0.029627768,0.8184767,0.08605903
0.8064129,0.02655609,0.84664714,0.08960606
0.81943727,0.024574919,0.8408197,0.085285164
0.8096374,0.02735736,0.83331996,0.0892487
0.81446785,0.026463635,0.8468251,0.092148766
0.8062859,0.026519911,0.8425306,0.08723057
0.82476395,0.027451774,0.8243296,0.086539954
0.8164792,0.02637311,0.833957,0.08796308
0.82549846,0.026497621,0.8338401,0.087341346
0.8060624,0.026702426,0.84473777,0.09064548
0.81726116,0.026980674,0.83782166,0.08861983
0.82457113,0.025441553,0.83862305,0.08823309
0.82014954,0.029311087,0.81337976,0.08513318
0.8220068,0.029341383,0.8217633,0.08822535
0.8048855,0.026287979,0.84895563,0.090182595
0.8331112,0.02816024,0.8184269,0.08517145
0.82025635,0.026178744,0.8375944,0.08878817
0.79511213,0.02649704,0.8466097,0.09020681
0.84164196,0.027901307,0.81507456,0.084557936
0.8131668,0.029845217,0.82460093,0.087610595
0.8260816,0.029703561,0.81816065,0.08705408
0.815173,0.02832909,0.829957,0.08894226
0.80887747,0.026549336,0.8416273,0.08970401
0.8227307,0.02845161,0.8242394,0.087739445
0.82048756,0.028977815,0.82217276,0.086853296
0.8193323,0.026382495,0.8348899,0.08695426
0.82423395,0.028107986,0.82182735,0.085701324
0.8032365,0.025708772,0.85189396,0.088775195
0.82746935,0.027038258,0.82566774,0.08589283
0.82211214,0.026253568,0.8355299,0.08732675
0.8087734,0.024876049,0.8492771,0.08933328
0.82061183,0.027279716,0.83354807,0.08814121
0.8248739,0.025459182,0.8329824,0.08517409
0.8216829,0.027652737,0.82290465,0.08571479
0.81306475,0.026630526,0.8401346,0.088290304
0.8344487,0.029209618,0.81482625,0.086017795
0.8234214,0.027092287,0.8298262,0.08701212
0.83078927,0.02975041,0.81406945,0.085991696
0.8187464,0.027059507,0.8247389,0.08537751
0.83050567,0.029027449,0.8122995,0.084874645
0.811013,0.02689421,0.8370265,0.08814434
0.8293976,0.029926946,0.8151987,0.08590223
0.8236379,0.027353767,0.8275456,0.08656234
0.8141386,0.027224567,0.8340855,0.08786871
0.8346254,0.028172126,0.8175346,0.08440824
0.811953,0.025137676,0.8446427,0.08840843
0.8234642,0.026918748,0.83033013,0.08558743
0.83773774,0.028499365,0.8161407,0.08473955
0.80912244,0.02455568,0.85146016,0.08831466
0.8158722,0.026382966,0.83542526,0.08740113
0.8217705,0.027296755,0.82882166,0.08682001
0.8444879,0.02999653,0.80074227,0.083592415
0.8335732,0.026516067,0.82822514,0.08570089
0.8349107,0.029454522,0.81341684,0.086262584
0.8152658,0.029009648,0.82543325,0.08635399
0.82008415,0.02874738,0.8289109,0.08914271
0.8216651,0.02849113,0.81982154,0.08517153
0.7950424,0.024754602,0.86030954,0.09098329
0.8091894,0.02520697,0.84673506,0.088134296
0.82064706,0.029761994,0.820714,0.08740716
0.8230527,0.028007098,0.82388055,0.08832153
0.8269645,0.027352868,0.8283916,0.08678567
0.8143254,0.024651181,0.85197103,0.08966633
0.8275502,0.026287597,0.83112687,0.08647159
0.80907255,0.027678898,0.8374605,0.0898505
0.81848764,0.02678669,0.8397472,0.08927807
0.8247071,0.026403556,0.8360969,0.08853577
0.8059024,0.027511312,0.8368158,0.088944934
0.8188102,0.026181072,0.83807826,0.088958256
0.8131164,0.026872732,0.83655214,0.08909242
0.79641026,0.02414507,0.8657181,0.09216942
0.8170036,0.02550119,0.84392583,0.088309065
0.83045155,0.027444398,0.8233237,0.0857246
0.819106,0.026133776,0.83543897,0.087244384
0.8269535,0.027337749,0.82524955,0.086238444
0.822,0.029193737,0.8124302,0.08519024
0.818399,0.026630888,0.8333286,0.087483294
0.8064802,0.028752556,0.8276171,0.08779925
0.8277123,0.028341128,0.8183983,0.085100144
0.80232966,0.02473537,0.85609996,0.089901045
0.8200551,0.026869228,0.83472973,0.08799236
0.826181,0.029074486,0.819047,0.086487524
0.80218005,0.026711347,0.8446571,0.09005647
0.82291174,0.02666025,0.8285616,0.08536238
0.8154818,0.024477756,0.8473124,0.08776972
0.80489814,0.026257925,0.84331244,0.088717684
0.8217832,0.025486121,0.83932173,0.087981366
0.82977724,0.02598684,0.83045477,0.0861259
0.81405133,0.026097389,0.84160376,0.08988669
0.80937684,0.025296694,0.84922105,0.091169484
0.8283663,0.029690215,0.8100611,0.08356671
0.81541765,0.025930531,0.8445234,0.0892653
0.8462737,0.027709818,0.81110585,0.08305168
0.8097791,0.024938026,0.8527733,0.090508364
0.8187418,0.027406564,0.83344233,0.08821792
0.81232446,0.028224122,0.83093774,0.08710596
0.8185505,0.025823157,0.8353967,0.08610921
0.8268364,0.025184238,0.8374335,0.08557514
0.8092272,0.025896532,0.8442069,0.088164724
0.82132745,0.028800052,0.81567997,0.08468652
0.81244016,0.026617538,0.8395375,0.08915984
0.8157829,0.02643609,0.8414592,0.0889623
0.82730407,0.029473938,0.816574,0.086797155
0.82245696,0.026592597,0.83016896,0.08614878
0.8090233,0.024392432,0.85985255,0.090699434
0.81001955,0.027944786,0.83061165,0.08731578
0.81458324,0.026014665,0.83766276,0.08737265
0.82950836,0.028295675,0.82031995,0.086214595
0.8044967,0.024907514,0.85144585,0.08910208
0.82124263,0.027365338,0.83136356,0.08772861
0.8222467,0.028431965,0.8239514,0.08640514
0.8116691,0.028070323,0.8312791,0.08657733
0.8189835,0.027320793,0.8308525,0.08710453
0.81093204,0.02414407,0.84883165,0.08920377
0.82828844,0.02648483,0.8288951,0.086859256
0.8220064,0.026008297,0.8351907,0.086698994
0.82211185,0.02874956,0.81817174,0.08524686
0.8092993,0.026137607,0.84769624,0.09061123
0.80856794,0.02600385,0.8433211,0.088224255
0.812809,0.028933536,0.8261453,0.08733329
0.8327335,0.02968342,0.8123021,0.084632285
0.79768556,0.025733013,0.8520115,0.08944892
0.81595325,0.02608404,0.84209365,0.089035764
0.8119035,0.02450402,0.84728396,0.08767333
0.81963027,0.025509873,0.8401687,0.0877841
0.8085816,0.027590187,0.8288667,0.08673175
0.8178224,0.025756165,0.8354771,0.0861821
0.80536497,0.02740171,0.8352891,0.08816693
0.81419694,0.02677618,0.8399599,0.08915597
0.8150618,0.02671069,0.8348644,0.08739294
0.8238946,0.025445806,0.8412409,0.08704796
0.81630635,0.027481655,0.8330096,0.087587684
0.814671,0.025049835,0.84831315,0.08927081
0.8253261,0.026534325,0.825777,0.08445454
0.80135554,0.025612714,0.84924555,0.08862534
0.8114748,0.026736176,0.8401115,0.08915455
0.83734816,0.028736033,0.8116231,0.08443817
0.8220312,0.027768578,0.83041656,0.08837349
0.81875336,0.026277233,0.83499134,0.086917385
0.82187647,0.027287139,0.8333678,0.08810314
0.81312245,0.026935883,0.8378973,0.08842028
0.8145993,0.025295354,0.8452724,0.08782096
0.83862966,0.028687539,0.8115423,0.08498502
0.824696,0.0263287,0.82685494,0.085177526
0.81965,0.02900256,0.82459265,0.088445224
0.81487095,0.02693219,0.83909434,0.08880559
0.8184098,0.026811378,0.83256304,0.087810576
0.82198995,0.026967118,0.829505,0.086117774
0.80401343,0.026516465,0.8430628,0.08899131
0.8187105,0.025689851,0.84015757,0.08741762
0.81632984,0.026983757,0.8335015,0.087203294
0.81668806,0.025468525,0.8446891,0.090717986
0.81765854,0.02641288,0.8338549,0.08626957
0.816298,0.0249975,0.8468465,0.08883721
0.8218669,0.026267817,0.831154,0.08744378
0.8031645,0.023433035,0.86432534,0.09177177
0.81208825,0.027244253,0.8374387,0.08810948
0.81655747,0.028126175,0.828465,0.08795438
0.8245324,0.027915087,0.8312594,0.08875705
0.81921947,0.02641152,0.8395499,0.08809793
0.8116538,0.027031226,0.8338171,0.08687073
0.8287549,0.028153667,0.8197932,0.08501029
0.8158295,0.026599217,0.83953637,0.08863891
0.819466,0.027753958,0.8264271,0.08641052
0.81247574,0.027276568,0.8366419,0.0894072
0.82343054,0.027700907,0.8285839,0.08743487
0.823172,0.027639113,0.8281712,0.08834404
0.80622005,0.02590267,0.8457075,0.08703909
0.816697,0.02733501,0.831172,0.08711982
0.8156902,0.028075134,0.83202195,0.08762491
0.80861115,0.0234424,0.85705274,0.088739686
0.8101378,0.023260336,0.858607,0.0898602
0.8078102,0.02612711,0.8425144,0.08966751
0.83139074,0.027189407,0.82005787,0.08447582
0.8187236,0.028188908,0.8251076,0.08594621
0.82084954,0.027242135,0.83671194,0.08917668
0.8293192,0.027587906,0.82526934,0.08694628
0.8292772,0.028378058,0.82060057,0.08507207
0.815805,0.027330065,0.8337809,0.08806703
0.82311785,0.02886604,0.81886375,0.08620109
0.83039457,0.027451525,0.82288647,0.08537523
0.8035825,0.026022092,0.8469506,0.089604735
0.8241531,0.027815374,0.82579726,0.08576074
0.8189168,0.028733285,0.8222097,0.087346196
0.82595366,0.027259093,0.8256138,0.086562164
0.8129783,0.028003411,0.83077383,0.08699302
0.8283436,0.030207839,0.8164584,0.08589711
0.8157091,0.025053868,0.84454936,0.08652667
0.82588476,0.0278656,0.82285213,0.08600256
0.826195,0.02888177,0.8161555,0.08585601
0.81801945,0.026538141,0.83187026,0.0865133
0.81849486,0.0269842,0.83520436,0.088271804
0.80391514,0.027738035,0.8353284,0.08825842
0.8065246,0.025341231,0.8477346,0.08766227
0.8078344,0.026494248,0.84283376,0.08884373
0.81869274,0.026846092,0.8324154,0.08673644
0.8206406,0.025974406,0.8332403,0.084994584
0.8202383,0.027089529,0.833436,0.08748219
0.80876243,0.025003772,0.8531247,0.089588545
0.83724755,0.029991403,0.79985386,0.08107589
0.81291866,0.025548084,0.8362082,0.08628325
0.8167718,0.025736155,0.84288144,0.08934569
0.8261355,0.02587039,0.8360585,0.08678536
0.81305957,0.026930688,0.8361373,0.087036
0.82128316,0.027034428,0.83042854,0.08639746
0.81852835,0.028709516,0.8230008,0.08682522
0.8141595,0.028974831,0.8248686,0.08767611
0.82918286,0.028067058,0.82269615,0.085702874
0.8083535,0.024186261,0.85526776,0.09131019
0.8158965,0.026635727,0.83446634,0.086856544
0.81260073,0.026983049,0.8384965,0.08748596
0.8171387,0.026363794,0.8377692,0.08795706
0.81115335,0.026357464,0.837659,0.086716235
0.8199539,0.027432622,0.8318009,0.08845838
0.79941833,0.024405742,0.8537268,0.08836913
0.8092634,0.026907697,0.8395312,0.08821523
0.81344724,0.026071971,0.838143,0.08795402
0.8007154,0.025202962,0.85052884,0.08990255
0.82406527,0.02813732,0.8269168,0.08792949
0.80827475,0.027093431,0.84149337,0.08803347
0.8128574,0.026170406,0.84411395,0.089000106
0.8060973,0.027113637,0.8404562,0.089706935
0.8045315,0.02542197,0.8539187,0.0900837
0.80762726,0.0265664,0.839773,0.08907377
0.84021753,0.025580876,0.83097345,0.0862949
0.7999541,0.026487565,0.84413004,0.08932342
0.81977135,0.028845407,0.8191474,0.08569615
0.82177734,0.026435478,0.8344719,0.08691432
0.8261824,0.028663535,0.8181243,0.08539149
0.8301138,0.02717789,0.82208776,0.08488474
0.8052385,0.027125172,0.8366347,0.08736219
0.8194733,0.025670247,0.83652395,0.0867078
0.808883,0.02678885,0.842436,0.089878716
0.8098841,0.02609488,0.8457391,0.08804052
0.8309764,0.029104592,0.82054996,0.08743364
0.8194767,0.025933813,0.8397047,0.08893673
0.81260425,0.024972364,0.8534799,0.08984842
0.81806725,0.02727982,0.8279096,0.0844274
0.81103855,0.026463453,0.8392851,0.088384576
0.81561184,0.027755838,0.83257884,0.08804394
0.8168655,0.026280021,0.8395617,0.08834817
0.8299202,0.030495033,0.80562145,0.08276842
0.8174741,0.026261637,0.84003705,0.08874514
0.8192497,0.026724724,0.8327278,0.088001214
0.8326941,0.027084582,0.82431734,0.086160816
0.8123989,0.02726712,0.83979315,0.08902922
0.81277746,0.027918775,0.8361135,0.0892277
0.82015,0.027142704,0.8314847,0.08756261
0.8296344,0.024942946,0.8369697,0.0867028
0.8184923,0.025656529,0.84407014,0.08980777
0.8187615,0.02555991,0.83928376,0.08797271
0.8320271,0.029120363,0.81634676,0.08524245
0.831547,0.027762225,0.8240006,0.08669397
0.82859826,0.026836531,0.8303903,0.08593664
0.8314241,0.027232707,0.8232925,0.08544193
0.8069574,0.025736535,0.8476935,0.08837117
0.8155233,0.02673371,0.83868307,0.088831
0.8353457,0.02724851,0.82327384,0.086229436
0.8111967,0.02403199,0.85354775,0.089374654
0.8227922,0.027575457,0.82723063,0.08656979
0.82485545,0.027467879,0.83015674,0.088858284
0.8117294,0.026756288,0.8433996,0.08959376
0.8332635,0.027082942,0.82377166,0.08537443
0.83460444,0.027061248,0.8266536,0.087002575
0.8164895,0.025852153,0.8394592,0.087853216
0.8160046,0.027622486,0.83023435,0.08720778
0.82550937,0.02485268,0.8402875,0.08868074
0.8065068,0.026327921,0.8370426,0.08694514
0.82422185,0.028135778,0.8269282,0.08737478
0.80267066,0.026054522,0.8487281,0.09086059
0.81104577,0.02727151,0.83150744,0.08627198
0.80583215,0.027368935,0.83886015,0.08947584
0.80813026,0.027841905,0.833343,0.08930447
0.81868345,0.026753508,0.839462,0.089644566
0.8249786,0.030366767,0.8109667,0.0850019
0.8042324,0.027402546,0.83731824,0.08817608
0.82304716,0.027059957,0.8308326,0.08802115
0.7922765,0.024578733,0.864433,0.09214393
0.8352427,0.029037992,0.81299824,0.08484705
0.81148314,0.026555754,0.8391934,0.08891436
0.82094634,0.026685165,0.831189,0.087724194
0.80951095,0.024589658,0.8522751,0.08908494
0.807956,0.027313948,0.8375405,0.08827627
0.80976695,0.028106285,0.83624136,0.08919565
0.821667,0.02835801,0.82423234,0.08798556
0.8216321,0.030799398,0.8126513,0.08667438
0.82785136,0.028741542,0.81447893,0.08392077
0.8235069,0.028695077,0.82412887,0.08748405
0.8122871,0.026174176,0.8418581,0.089116916
0.8080101,0.028533222,0.8345413,0.089678705
0.8255796,0.027310517,0.8268439,0.087039076
0.8226396,0.024730911,0.84916395,0.08845905
0.8350405,0.028846294,0.81452066,0.08610792
0.8195379,0.02720512,0.82803625,0.08686236
0.82505435,0.028044876,0.8220382,0.08633902
0.8244401,0.030328738,0.8098977,0.08428722
0.8243265,0.027434435,0.8259196,0.085632555
0.82762873,0.029375197,0.81271875,0.085470274
0.81956565,0.026652751,0.83312017,0.087896705
0.7995458,0.025409596,0.8539639,0.09059744
0.8209003,0.028555565,0.82192653,0.086295456
0.80717903,0.025323944,0.84704673,0.08863876
0.8009276,0.027627327,0.8436538,0.09015196
0.8179996,0.026085999,0.8406233,0.089058205
0.8292628,0.02908022,0.8201095,0.087601595
0.80490565,0.026484653,0.84576154,0.089103445
0.8325269,0.02715038,0.82636875,0.08714794
0.8248137,0.026344636,0.8424789,0.09105036
0.81806964,0.029946974,0.81374574,0.08506124
0.8325449,0.027734054,0.82009697,0.08518715
0.826114,0.028118107,0.82739586,0.08741007
0.81560355,0.02637289,0.83550596,0.08729211
0.8040953,0.025360469,0.85284775,0.090059586
0.82580334,0.02817881,0.8211673,0.08557671
0.8320889,0.029645603,0.81287616,0.086691014
0.82790375,0.027192216,0.8261014,0.08573151
0.81901926,0.025408529,0.84338456,0.08784295
0.81764036,0.028342113,0.8295466,0.088046946
0.8295627,0.028869927,0.8115241,0.08311378
0.8236051,0.027484197,0.82925946,0.08800734
0.82050943,0.027660387,0.8291424,0.08728666
0.82855284,0.029450646,0.8155921,0.08681116
0.83323044,0.02692416,0.82729495,0.08602725
0.82092124,0.027658723,0.8259552,0.086418636
0.8075251,0.02823345,0.831716,0.09008374
0.82409006,0.028368507,0.8218776,0.08663909
0.81410784,0.02719665,0.8357171,0.08979598
0.82791793,0.0291673,0.81565267,0.084634356
0.82469285,0.027575556,0.8259317,0.08629786
0.8057613,0.023919338,0.8552157,0.0903599
0.80542535,0.027681166,0.83866334,0.08868687
0.8104378,0.027245287,0.8379507,0.08890342
0.81085277,0.026282396,0.84741414,0.09052738
0.8238216,0.027191088,0.8299931,0.08772773
0.8019165,0.025035817,0.86038387,0.091615915
0.8135492,0.02664418,0.84035444,0.08953565
0.8286602,0.03072393,0.8092467,0.0863382
0.8248658,0.029202078,0.8142457,0.084057115
0.80239254,0.023926565,0.8614691,0.09076993
0.8233742,0.028006855,0.82080525,0.08520377
0.8108409,0.02902255,0.82796156,0.08810131
0.81816787,0.028222945,0.8258619,0.086981736
0.82446927,0.026558166,0.8300728,0.08615159
0.8286726,0.02743807,0.8190738,0.083563484
0.8197451,0.025909463,0.84173596,0.088097006
0.82004744,0.02699256,0.8354399,0.08836458
0.81326425,0.025763143,0.8425458,0.08766208
0.80475205,0.026601583,0.84083647,0.08726681
0.82353115,0.02577237,0.83985984,0.08774116
0.81707084,0.027653461,0.82857615,0.0867673
0.8170456,0.024500748,0.8445059,0.086901285
0.82872117,0.026925802,0.8284143,0.08647897
0.8116953,0.026748195,0.83537066,0.08840702
0.81030726,0.025580412,0.8458336,0.08927756
0.8143485,0.026296504,0.84206355,0.08925611
0.8164734,0.0279454,0.83121645,0.088492535
0.83041817,0.028778322,0.81470716,0.08515545
0.8073973,0.028217763,0.8317542,0.08818011
0.80623645,0.025654694,0.84738815,0.08958814
0.8240137,0.0260714,0.83492726,0.08564029
0.8109078,0.027571073,0.8350098,0.089414254
0.82506883,0.027452191,0.82620573,0.08669557
0.82746243,0.027614756,0.82320935,0.08536303
0.8107713,0.027020356,0.83910275,0.08852262
0.81537074,0.026876051,0.8313445,0.08682265
0.8166304,0.026727254,0.8372549,0.08779444
0.8162355,0.025926797,0.8412913,0.08838481
0.8127801,0.026318219,0.8388999,0.088301145
0.805529,0.026984297,0.8379034,0.08962974
0.8102231,0.028012099,0.8319754,0.08759884
0.81538236,0.02674998,0.8371775,0.088724285
0.8003993,0.025719041,0.8516415,0.08938933
0.8238838,0.026708124,0.83736026,0.08831957
0.825274,0.028741727,0.8189233,0.085734494
0.81179583,0.026524484,0.8402418,0.088279545
0.8126063,0.024985282,0.8465841,0.087735176
0.8186339,0.026783083,0.8327083,0.08665651
0.8278536,0.027835447,0.8175374,0.085569024
0.83182234,0.026972596,0.82152647,0.083769225
0.806843,0.02719525,0.8370027,0.08731357
0.8218087,0.027912438,0.826832,0.087292865
0.8286209,0.028387303,0.8256123,0.08797204
0.7859485,0.024453286,0.86811876,0.09264561
0.8170683,0.026567401,0.8382392,0.087628394
0.8198172,0.028283434,0.8238217,0.08713569
0.81966627,0.026968172,0.83243126,0.08644285
0.806961,0.025858156,0.8495528,0.09047913
0.81740576,0.029995522,0.8218079,0.08714613
0.8175578,0.029175743,0.8210107,0.086992875
0.8125239,0.02693246,0.8361377,0.08775066
0.8160074,0.027331714,0.8342137,0.08843639
0.8244767,0.026669882,0.8303568,0.086349785
0.83132285,0.029136969,0.81429064,0.08606498
0.82776165,0.029071048,0.81816363,0.0854576
0.8196823,0.0290447,0.8198116,0.08586234
0.8088537,0.025614081,0.8507662,0.09010626
0.81008947,0.024947345,0.8513248,0.0895686
0.8207618,0.029135238,0.82770294,0.08961719
0.8129916,0.02569382,0.84237516,0.08840898
0.8131685,0.028070148,0.83112186,0.08855729
0.81096727,0.026304211,0.84499687,0.08951971
0.8153107,0.028363949,0.8317717,0.08889238
0.8275609,0.024765601,0.84193915,0.087852895
0.8286147,0.026340699,0.8275269,0.08602651
0.81178254,0.026016794,0.84140354,0.088237636
0.81629294,0.027891131,0.8286033,0.08766906
0.8003982,0.027854428,0.8399802,0.089765705
0.83392304,0.02642951,0.8252937,0.08589041
0.81847113,0.026749317,0.83986855,0.08804376
0.83160305,0.02909624,0.814385,0.085502476
0.8105248,0.026651092,0.8390688,0.08860709
0.8100494,0.026066843,0.8485714,0.090905465
0.80426884,0.026241034,0.8450496,0.08925989
0.8119499,0.027671566,0.83203477,0.087214686
0.8216259,0.026001867,0.83742607,0.08827833
0.8281543,0.026104793,0.83229345,0.08625195
0.82871616,0.027724985,0.81921536,0.08501299
0.81629235,0.026102018,0.8386887,0.08734928
0.82586235,0.025970103,0.8366842,0.08855593
0.810541,0.026256517,0.84253097,0.089241
0.8144119,0.026132219,0.8382214,0.08862242
0.80706286,0.029384058,0.823376,0.08799901
0.81770194,0.026252322,0.83357626,0.08707942
0.82314247,0.027913895,0.82516354,0.08670753
0.8253341,0.026793998,0.83299786,0.08691865
0.805142,0.024076808,0.86261296,0.09174846
0.8205289,0.025256593,0.84244114,0.08907341
0.81260115,0.026059728,0.837919,0.087360844
0.81118447,0.026073562,0.84538907,0.08892443
0.81175685,0.027454667,0.83176327,0.088126585
0.81738293,0.02783073,0.82850945,0.08785839
0.82482475,0.028631147,0.8185985,0.08574275
0.80853266,0.024517927,0.8522122,0.089375906
0.80309117,0.025153978,0.8556278,0.09218289
0.8238456,0.025452103,0.84092706,0.088646494
0.8166131,0.026971754,0.8356228,0.08789386
0.806367,0.025984205,0.8449712,0.08922536
0.81326526,0.025858477,0.8399201,0.08763552
0.8297422,0.026190238,0.83451927,0.08706904
0.8292936,0.027829044,0.81841123,0.08433057
0.805487,0.02771139,0.84030277,0.09040678
0.83883154,0.030140337,0.80094284,0.0813082
0.8345888,0.028548874,0.8126502,0.08610061
0.80785084,0.02742042,0.83452857,0.087474324
0.8324133,0.02636299,0.82693505,0.08604419
0.81295556,0.026495548,0.8386252,0.08919054
0.8283658,0.026278092,0.82612723,0.0852534
0.8239593,0.0285749,0.8222174,0.08688737
0.8061335,0.026670842,0.84394497,0.090270236
0.81832314,0.027008092,0.83527595,0.088704884
0.82262546,0.025583554,0.8358977,0.086866714
0.8162763,0.026192842,0.84041756,0.088910416
0.82306504,0.028411338,0.8298652,0.08869835
0.823631,0.02726712,0.8324,0.08957511
0.8245807,0.028370293,0.8205501,0.08538117
0.8208749,0.027470026,0.8286208,0.0883519
0.8107839,0.029812481,0.81978947,0.0854188
0.8150221,0.026694622,0.8325534,0.086936
0.83086705,0.026772631,0.8244783,0.08583496
0.81604534,0.029063543,0.82375926,0.087731056
0.800722,0.024376618,0.8611622,0.09183552
0.8247806,0.027397398,0.83024865,0.08761473
0.8276781,0.0276328,0.8242793,0.086559765
0.8232552,0.027197843,0.8271541,0.085953854
0.8333884,0.02844242,0.8191344,0.08688531
0.8114278,0.023411045,0.85817903,0.09026276
0.8206387,0.025325503,0.8408547,0.08791322
0.81588626,0.027047142,0.8377041,0.08927496
0.83177745,0.029471613,0.8127532,0.08496759
0.8264853,0.03102032,0.80616224,0.08417839
0.8221493,0.027791258,0.82323015,0.08619303
0.8247155,0.028549487,0.8228967,0.08749241
0.81205094,0.026414134,0.8345098,0.086167514
0.8302777,0.02640992,0.82421684,0.08323492
0.81265146,0.026148522,0.8411857,0.08913026
0.82184166,0.026529372,0.82999504,0.08682309
0.8257918,0.026426675,0.8333624,0.08747276
0.8110647,0.028247353,0.82920516,0.08764979
0.82751125,0.027216746,0.8254909,0.085515566
0.8284545,0.027362918,0.8324672,0.08829296
0.8395527,0.029342985,0.80884904,0.084061526
0.81032383,0.02635568,0.8368695,0.08684915
0.8171645,0.028052827,0.82378143,0.085624896
0.8032274,0.026435131,0.84840924,0.09015067
0.81566054,0.025848288,0.8398071,0.087475725
0.7990604,0.028000306,0.8396359,0.08915361
0.79940146,0.027118078,0.83831674,0.086638264
0.81207085,0.02507226,0.84669375,0.08911515
0.80707866,0.02611156,0.84298366,0.089237
0.8297893,0.027796982,0.81929547,0.08451386
0.82707304,0.0281751,0.81992704,0.08478207
0.81650686,0.026929917,0.831392,0.0870558
0.8135426,0.024610033,0.8538196,0.08947166
0.8193715,0.026597131,0.83604646,0.08814707
0.8138507,0.028969457,0.8202196,0.08511684
0.8187067,0.028249387,0.8283429,0.08714919
0.8374897,0.0270728,0.8279089,0.086897455
0.8264985,0.026472792,0.83220506,0.08655411
0.81330794,0.027225988,0.8387708,0.0896047
0.81407523,0.026874635,0.83712757,0.0886369
0.8104625,0.026870426,0.83297914,0.08861159
0.8192895,0.025204476,0.84348255,0.088646896
0.80782354,0.027279455,0.8348325,0.08661751
0.8149839,0.028360533,0.8300784,0.08848909
0.8249792,0.02572502,0.84039843,0.08761582
0.8075799,0.027545836,0.8399703,0.08975321
0.81810415,0.027007738,0.833276,0.08769762
0.8325644,0.029556975,0.8148135,0.085624
0.8293221,0.027564172,0.82193,0.0860139
0.8210581,0.027278604,0.8249405,0.085789785
0.8252254,0.026284207,0.8314412,0.086186685
0.82895553,0.028257955,0.82616615,0.0878334
0.8266964,0.02835699,0.8211098,0.08611365
0.8307669,0.032200128,0.8072195,0.08649322
0.8128143,0.026214276,0.840835,0.0888421
0.83355343,0.02701705,0.82203424,0.08550315
0.82480866,0.02675729,0.8317903,0.0874821
0.8286433,0.028671484,0.8128514,0.08501015
0.81607294,0.027299078,0.83087724,0.08743181
0.81242985,0.025982948,0.8431325,0.08827229
0.8212657,0.027555307,0.82915014,0.0870798
0.79852307,0.02666336,0.84812135,0.09183125
0.8106002,0.025687868,0.8454385,0.08982696
0.8177332,0.027040752,0.83397,0.08745698
0.82105446,0.026046423,0.8388608,0.088440016
0.8362185,0.02783473,0.8212666,0.08677833
0.819468,0.027615169,0.8258897,0.085753664
0.8010873,0.026622673,0.843466,0.089782424
0.8045463,0.026296856,0.84653515,0.089104444
0.80816007,0.023729526,0.8587998,0.08962487
0.8042472,0.02769748,0.8328108,0.0870409
0.82466793,0.027078997,0.82720304,0.085865535
0.8169359,0.027005369,0.83355993,0.08794769
0.818881,0.027068295,0.8325765,0.08695727
0.82883817,0.029747304,0.81521446,0.086720355
0.8220829,0.028854122,0.8167892,0.08591339
0.8232628,0.028521974,0.81740284,0.085457414
0.82652503,0.028088024,0.82686675,0.0885848
0.82222086,0.027962461,0.8265647,0.08658763
0.8128672,0.024306802,0.8518296,0.08960254
0.8232838,0.026322963,0.8347988,0.08793744
0.8062586,0.026245777,0.8453389,0.0897141
0.83437777,0.028834604,0.81527174,0.08607779
0.8343001,0.026925005,0.8241027,0.08576011
0.8030868,0.027460087,0.83034354,0.08575604
0.81979,0.027788136,0.82349867,0.08615034
0.7974881,0.028131003,0.8372604,0.08922936
0.802342,0.02524616,0.85313857,0.08978223
0.82200545,0.027455667,0.8256159,0.08515257
0.80878043,0.025587281,0.8476959,0.08924695
0.8028214,0.027115557,0.8390607,0.08988605
0.81983674,0.027075518,0.82910657,0.086079486
0.8204482,0.02880604,0.83021086,0.08916016
0.83045286,0.027853565,0.8192876,0.0845955
0.82599926,0.027370429,0.8266985,0.08661922
0.81662524,0.028539577,0.82797885,0.087589025
0.7965544,0.027767036,0.83975124,0.08998575
0.8242259,0.026925873,0.8280469,0.086733855
0.81797093,0.026670396,0.8392877,0.089752354
0.81993175,0.02740772,0.831288,0.08824203
0.81607294,0.027168853,0.83101946,0.08724459
0.82125133,0.028301721,0.82604295,0.08735455
0.80239,0.02797371,0.8378854,0.087895766
0.82917434,0.029477445,0.8133243,0.08686361
0.8221436,0.027578836,0.83080965,0.088033594
0.8223901,0.0281425,0.82846946,0.087321274
0.81136197,0.026331618,0.83971775,0.08930385
0.8120787,0.023718553,0.85523546,0.088225305
0.8345165,0.02867733,0.8135684,0.08430619
0.8250597,0.027703028,0.8288548,0.08807777
0.8010627,0.025620306,0.85470843,0.09159309
0.8394882,0.030162485,0.8036201,0.083341576
0.7942314,0.025348905,0.85417986,0.089977406
0.84645754,0.026303189,0.821789,0.08442249
0.83624667,0.026285773,0.8260618,0.08466522
0.8155153,0.026113203,0.8410716,0.0889432
0.82312065,0.026531244,0.8306117,0.08613631
0.8142433,0.026521057,0.8409528,0.08957191
0.8204236,0.026152898,0.8385428,0.08803103
0.8155769,0.02825427,0.8274692,0.085655935
0.80814666,0.025987713,0.8462006,0.08915697
0.8043571,0.026860235,0.8371185,0.08698248
0.8168752,0.027805865,0.8303042,0.08847627
0.79581654,0.024691373,0.86134565,0.09194603
0.83167845,0.026523584,0.8278613,0.086188845
0.820661,0.026696539,0.836528,0.08868393
0.8108033,0.024822906,0.85309035,0.09024908
0.8149689,0.027235154,0.837796,0.08826953
0.8211859,0.027568424,0.82950354,0.08623834
0.8057996,0.0237708,0.857544,0.089876205
0.8277552,0.02892477,0.816443,0.08554999
0.82731664,0.027006663,0.8319477,0.087756604
0.8009727,0.026957314,0.8478605,0.09018014
0.813492,0.029300705,0.82527626,0.08731873
0.8028169,0.02634581,0.8459484,0.08872991
0.8274742,0.026574934,0.8263183,0.08456719
0.8192321,0.025983976,0.84283614,0.08855997
0.7962392,0.025121242,0.8619941,0.092577025
0.81204003,0.025906388,0.843761,0.08946148
0.8145347,0.029197142,0.81984913,0.08573975
0.8078938,0.025775455,0.8492418,0.09094789
0.8276061,0.029230524,0.81818736,0.086050764
0.8138947,0.026331348,0.84198904,0.08832131
0.837768,0.028154721,0.812262,0.08259809
0.8319881,0.026847027,0.8289207,0.087605774
0.81595963,0.027211899,0.839076,0.08968833
0.811875,0.02820495,0.83087045,0.088778555
0.8350849,0.02817404,0.8234409,0.08794242
0.83179384,0.028793633,0.80965567,0.082057625
0.80001694,0.025285086,0.85423553,0.09018019
0.81844723,0.026792273,0.83093,0.08688801
0.82789916,0.026461503,0.83266896,0.0872329
0.8158533,0.028616536,0.82880646,0.086842835
0.8028556,0.026419204,0.8447923,0.08914033
0.81868917,0.02698166,0.8347246,0.08723973
0.81482285,0.02493128,0.8456649,0.08803557
0.8287248,0.027756566,0.8235214,0.08643615
0.8135987,0.025952462,0.84464145,0.08818842
0.8278163,0.0280125,0.82341075,0.08618578
0.81428146,0.026268525,0.8419131,0.0886856
0.79616654,0.026802374,0.8440677,0.088774495
0.81429696,0.02395603,0.85240346,0.08939958
0.82234174,0.027160889,0.8254667,0.08631381
0.8328867,0.026717607,0.82551676,0.08525495
0.8239051,0.027063848,0.82620007,0.085719265
0.81047606,0.027258288,0.8417714,0.09115555
0.82160366,0.027423546,0.8270492,0.08682222
0.8201736,0.026647732,0.84250295,0.09106343
0.8002213,0.025922643,0.849205,0.089362845
0.81598973,0.027493084,0.8299939,0.08732098
0.83025247,0.027730603,0.82496357,0.08634835
0.8246283,0.02737009,0.8281547,0.08727266
0.8103043,0.024865946,0.8525049,0.09150002
0.82460785,0.028826157,0.8190765,0.08587274
0.8055345,0.027421277,0.83839875,0.08895509
0.8053951,0.02513363,0.8525134,0.0903084
0.80672246,0.025691653,0.8475928,0.090686
0.8119555,0.02551039,0.8415375,0.0861933
0.813844,0.026357334,0.84366417,0.08928446
0.8061469,0.025923429,0.84785444,0.089732006
0.82997423,0.028737698,0.8159853,0.08541303
0.8097217,0.028034735,0.83647346,0.08853685
0.83051807,0.02833194,0.8154376,0.08395815
0.8108199,0.025849238,0.8436896,0.08827389
0.80554336,0.027804598,0.83451694,0.08847928
0.83169484,0.029951237,0.81036234,0.08426413
0.82339025,0.028260866,0.82495636,0.087854005
0.8212772,0.02738949,0.836538,0.089887865
0.8184864,0.0286767,0.82285875,0.0859449
0.8116687,0.027391547,0.8386543,0.08914441
0.81632024,0.026573146,0.83805573,0.08840713
0.80853117,0.026164986,0.84267807,0.08858964
0.82139146,0.02540476,0.835268,0.08554907
0.8047812,0.027875062,0.84119827,0.08993269
0.8105328,0.027969081,0.8288342,0.086568356
0.81429696,0.02578012,0.84424806,0.089208834
0.8188528,0.02500109,0.8501036,0.09032438
0.8298923,0.028098471,0.823732,0.086905785
0.8277902,0.030425193,0.8085481,0.08520659
0.8179653,0.027025439,0.8310457,0.086642645
0.8321472,0.028094983,0.81893873,0.08546502
0.8191744,0.027992176,0.8330172,0.08904833
0.8155145,0.026877346,0.83329546,0.08650837
0.8423913,0.030063193,0.80676043,0.08453704
0.79784775,0.02602989,0.8564769,0.09232605
0.81645274,0.02699142,0.83092296,0.085100815
0.81425816,0.02914605,0.8258689,0.087122574
0.8096438,0.02781628,0.8340028,0.089262
0.8214369,0.026534704,0.8335084,0.08716552
0.8041771,0.024887308,0.85326743,0.089083984
0.81529367,0.025034599,0.8481076,0.08943732
0.8126046,0.025727235,0.8451187,0.08952385
0.8228473,0.025172604,0.83938223,0.08761818
0.81573105,0.027101565,0.8360627,0.089004286
0.8284417,0.029005941,0.8181808,0.085662186
0.8109736,0.026169559,0.84594506,0.08977519
0.8217896,0.029336382,0.81640047,0.08556466
0.8152872,0.02695628,0.8359211,0.087967716
0.81302184,0.027179116,0.8330759,0.08706404
0.8133242,0.029098257,0.8275295,0.089010574
0.8102269,0.02784998,0.8395122,0.089904904
0.81873,0.02648514,0.8385356,0.088599965
0.8360082,0.02943375,0.8108617,0.08583745
0.8208206,0.028316407,0.8261262,0.086491115
0.8139119,0.02659672,0.83938515,0.08782429
0.82189196,0.02806242,0.82373726,0.085770376
0.80950236,0.025714744,0.84082913,0.088097066
0.81302905,0.027963033,0.8321721,0.08700391
0.8221877,0.028550318,0.8224573,0.08628453
0.8240623,0.026661618,0.83319956,0.08704675
0.81037444,0.027162656,0.8352093,0.086877815
0.82107675,0.027250197,0.8314206,0.087720454
0.8198962,0.028717034,0.8251069,0.0876778
0.82449377,0.028776126,0.8197177,0.085796304
0.81105226,0.025863564,0.8444983,0.08987901
0.8103963,0.027731443,0.8340515,0.08895463
0.8213111,0.026590751,0.8370009,0.08843822
0.8111942,0.025537081,0.84273094,0.08837764
0.82161754,0.02845024,0.8237972,0.08776878
0.8380801,0.028825993,0.81338626,0.08415995
0.81148756,0.028141936,0.8324911,0.08954383
0.8161105,0.026442626,0.8338392,0.087294966
0.83674103,0.028768217,0.80763316,0.08274022
0.8266532,0.031461805,0.8039896,0.08488972
0.80232006,0.025556084,0.8558521,0.09149466
0.8164963,0.0275027,0.82957226,0.08716885
0.80745625,0.025985958,0.8417361,0.08701392
0.83052695,0.02661368,0.8345679,0.08885225
0.8204123,0.026512591,0.83539665,0.08902362
0.81978106,0.026949642,0.8357469,0.08980785
0.8232819,0.023236984,0.8503749,0.08782247
0.8207676,0.028817479,0.8181514,0.08552621
0.8288647,0.027969,0.8237748,0.08582276
0.8214943,0.027187277,0.8276234,0.086462535
0.8191242,0.026360506,0.83013564,0.08634911
0.80588335,0.026496856,0.84410155,0.08955886
0.82929474,0.028193614,0.81910115,0.08596701
0.84749424,0.027891276,0.8102482,0.083430186
0.8179792,0.028165054,0.8257891,0.085576735
0.8043442,0.026208045,0.84397936,0.089212045
0.8149318,0.026044784,0.8421836,0.0887764
0.8058884,0.026551291,0.84642714,0.09012226
0.81732446,0.025771253,0.839251,0.08789859
0.81234044,0.02667223,0.83684766,0.08819132
0.8013781,0.025570253,0.8535032,0.08966415
0.8150901,0.025264893,0.8452622,0.08900488
0.8258674,0.026111629,0.8330518,0.08717735
0.80881417,0.026252085,0.8392039,0.08799444
0.8367453,0.02854788,0.8173121,0.08705491
0.8160901,0.027838925,0.8315593,0.08855359
0.816894,0.02667469,0.83701235,0.08750739
0.81842756,0.028728299,0.8273306,0.087846845
0.81012654,0.025638344,0.83960754,0.087472364
0.8182841,0.0275993,0.8279967,0.08643945
0.8058846,0.026029792,0.8420621,0.08789333
0.81989616,0.027253928,0.83299,0.08728025
0.81760484,0.029380353,0.8255837,0.08951971
0.82122827,0.027218465,0.83066523,0.08745735
0.8210039,0.028347379,0.8239315,0.08749533
0.8162544,0.026171317,0.84151417,0.0899539
0.80011404,0.02561184,0.8519722,0.089234784
0.807647,0.0276955,0.83751374,0.08863927
0.8150002,0.026727298,0.83590615,0.08630782
0.8071078,0.026309209,0.84875226,0.09057341
0.8278285,0.028722942,0.8194844,0.08506432
0.81355923,0.026908891,0.8291677,0.08492322
0.82413495,0.02483988,0.8420035,0.0875352
0.81892234,0.026437318,0.8350128,0.087838784
0.82163453,0.027944298,0.8270412,0.08749712
0.79800814,0.02619722,0.8490539,0.090051405
0.8231306,0.028061839,0.8249502,0.08716878
0.81457835,0.026160507,0.83977103,0.08823239
0.83124787,0.028883118,0.81495523,0.08630611
0.8008955,0.027625753,0.842634,0.09114895
0.8196131,0.028389001,0.828398,0.08836321
0.81136745,0.026518047,0.84591144,0.090323925
0.8257457,0.02743312,0.8274991,0.08627688
0.83077866,0.027895194,0.8198335,0.08615786
0.8409399,0.029649781,0.8057464,0.08447452
0.82600576,0.027851665,0.8260863,0.08669889
0.8228366,0.026655935,0.8339517,0.087934375
0.8149,0.025417406,0.84076715,0.08696415
0.8185132,0.026387634,0.83350533,0.08667132
0.81170905,0.025305212,0.84820956,0.08978069
0.80990857,0.026276136,0.84289896,0.0885554
0.8089752,0.024399707,0.8524536,0.08890781
0.82694936,0.02762626,0.8221434,0.08567768
0.8050055,0.025823032,0.85299945,0.09035242
0.8290787,0.028149217,0.8163796,0.08421856
0.82399887,0.025883835,0.83705693,0.0879267
0.81628954,0.026988344,0.8359758,0.08787135
0.8218989,0.027515123,0.827185,0.086821824
0.81455743,0.027746046,0.82711035,0.08570374
0.80901796,0.028255025,0.8349103,0.08992257
0.8117554,0.025204457,0.8474894,0.09030672
0.8277607,0.028237414,0.8201191,0.08648142
0.8008863,0.026495472,0.84657884,0.08999356
0.8221789,0.028746817,0.8228127,0.08697332
0.8204062,0.026226554,0.83686733,0.08711331
0.814941,0.02643343,0.8369449,0.08666008
0.84505713,0.028092235,0.8104037,0.08352918
0.82397234,0.025474938,0.8359549,0.086956955
0.8153708,0.024939764,0.8467255,0.089475326
0.8177942,0.025687242,0.83885926,0.08791538
0.80612975,0.027268603,0.83614504,0.087787345
0.8119591,0.027071206,0.83309686,0.08692748
0.83617824,0.026122613,0.8268649,0.085475676
0.80445695,0.025875498,0.84384125,0.08749247
0.8068759,0.026277503,0.84028834,0.08845079
0.82725245,0.026901944,0.82673997,0.08622193
0.81182444,0.026996935,0.8350791,0.08788401
0.81196576,0.026064046,0.8457446,0.08976671
0.8141302,0.025879811,0.8459351,0.08881624
0.8571828,0.030252641,0.79345113,0.080966406
0.8060737,0.027298551,0.8399649,0.0886467
0.8184272,0.027431013,0.82649726,0.08589205
0.8158083,0.02450486,0.84613305,0.08829399
0.8317915,0.030222982,0.80870724,0.08433029
0.82244414,0.02508355,0.8384349,0.087273985
0.8236886,0.02938541,0.81195056,0.08372589
0.79821306,0.026174264,0.8472285,0.08974283
0.8077862,0.026100978,0.84074825,0.09027361
0.82422495,0.026294874,0.8352042,0.08716799
0.8205616,0.027038438,0.8365165,0.08928049
0.80879235,0.026450073,0.8406512,0.08826667
0.7979955,0.025603544,0.8590333,0.09200096
0.8147573,0.02811129,0.83792484,0.08951741
0.8214121,0.028123438,0.8248781,0.08659106
0.8213602,0.027541239,0.8273634,0.08781979
0.81144893,0.027141966,0.833723,0.08642616
0.80995965,0.023748163,0.8583945,0.09011626
0.83217174,0.02931017,0.8128248,0.084730566
0.80997354,0.026505334,0.8418363,0.08913525
0.82575756,0.027184423,0.82562745,0.08411325
0.82858557,0.02529112,0.8373964,0.088014394
0.82249296,0.02629337,0.8296116,0.086609125
0.825513,0.027528325,0.82966983,0.08856552
0.8224062,0.028708052,0.82106626,0.08566402
0.8152668,0.027041094,0.8363445,0.08788906
0.8248616,0.030622497,0.8090587,0.086162746
0.80308735,0.026067216,0.850988,0.08947686
0.8227466,0.028668988,0.8224167,0.086989716
0.8245734,0.0280043,0.8243055,0.087586515
0.8068186,0.02613863,0.8460793,0.08870212
0.8208135,0.031551953,0.8095403,0.085792236
0.8333235,0.03086349,0.80239266,0.08470253
0.825116,0.028823188,0.81605226,0.08570606
0.83577716,0.028550746,0.8196165,0.08760082
0.84416175,0.028176177,0.8144867,0.08496919
0.82094485,0.027068075,0.83064556,0.08617399
0.8327902,0.028592318,0.8198938,0.08734951
0.8028066,0.027109306,0.8465593,0.09141865
0.81187844,0.028018478,0.8321251,0.08865909
0.8071772,0.02658804,0.84564304,0.09088113
0.81730765,0.024625957,0.8412316,0.08659527
0.82921904,0.027903348,0.82057583,0.08546349
0.8171742,0.028404668,0.83164924,0.08988101
0.80916214,0.023809113,0.85662967,0.089160375
0.8129398,0.025767013,0.84050065,0.08710604
0.81707656,0.026591456,0.8362401,0.08823805
0.82268894,0.03022239,0.81076294,0.08584052
0.8107092,0.027215319,0.8381299,0.0894601
0.83652645,0.02852209,0.8148651,0.085048504
0.82894254,0.026956247,0.8260577,0.086535566
0.8166841,0.02714258,0.838573,0.09012666
0.8265982,0.027065894,0.8271106,0.08547578
0.82010317,0.028596649,0.82653403,0.08609188
0.8299705,0.029692877,0.815613,0.08583428
0.82902527,0.028777696,0.81395423,0.08471727
0.82489324,0.02717092,0.8265651,0.08572415
0.8086512,0.02902154,0.8282381,0.08844025
0.8253685,0.02756308,0.82547194,0.087368295
0.82632446,0.028563961,0.82242745,0.08656726
0.803737,0.027426135,0.83398324,0.08702681
0.8333272,0.027588682,0.81939065,0.08419192
0.8167733,0.02615215,0.84642965,0.089607514
0.8128886,0.025472501,0.85007375,0.0897683
0.82897663,0.028428387,0.81588495,0.083772935
0.8165022,0.027887706,0.82646203,0.087674186
0.8367407,0.030019267,0.8076057,0.08440649
0.8057314,0.02829956,0.83831954,0.08978148
0.81314933,0.026180517,0.8427409,0.0885221
0.8134453,0.02922879,0.82553357,0.08804438
0.8246847,0.027082516,0.8256613,0.08511969
0.8242957,0.02707868,0.832572,0.08776076
0.8181499,0.028233368,0.8251934,0.08658526
0.8142417,0.02801602,0.83158016,0.08840327
0.7990107,0.023727002,0.85909855,0.089442864
0.8247916,0.028826192,0.81906253,0.08673141
0.8037791,0.026664,0.84245896,0.08925934
0.8310733,0.029585268,0.81003344,0.083743446
0.8271558,0.027055785,0.8279493,0.08703372
0.8245963,0.025975311,0.8383134,0.08810803
0.8192806,0.026623562,0.83522916,0.087841585
0.8195751,0.02761114,0.82669383,0.08693266
0.8246029,0.026809435,0.8273845,0.08527227
0.83981365,0.032344997,0.7930632,0.083275035
0.82032454,0.028211279,0.82680166,0.08693407
0.8172409,0.027489033,0.82606924,0.08601421
0.83101565,0.026904581,0.82544005,0.08435165
0.80614513,0.026285222,0.84174377,0.08733539
0.8226996,0.024758345,0.845243,0.08780346
0.8137196,0.026676267,0.83454895,0.0887967
0.8167214,0.026386445,0.8313647,0.08712276
0.83234227,0.028316285,0.8170301,0.08534248
0.8210267,0.028766276,0.82349056,0.08725087
0.824942,0.028349034,0.81887287,0.084042124
0.8247164,0.02601928,0.83993596,0.08863838
0.80315477,0.026776958,0.8445827,0.089165345
0.825201,0.028851625,0.81955314,0.085918166
0.80348015,0.024733555,0.85489243,0.09015508
0.8147991,0.02791138,0.82990795,0.08798162
0.82047683,0.029536651,0.81978524,0.08672132
0.8044594,0.026352683,0.84299254,0.08869702
0.8075422,0.027423475,0.83912957,0.089617
0.8135631,0.02634252,0.8464173,0.090348154
0.82819134,0.02785763,0.82320887,0.08623209
0.8217316,0.028835237,0.82189083,0.08618893
0.8279381,0.027630284,0.82537454,0.087013945
0.83416766,0.030884188,0.8086307,0.085887484
0.8360455,0.031380285,0.80478233,0.085273005
0.8448585,0.02708109,0.816634,0.08391533
0.81679183,0.026548367,0.83412963,0.08644823
0.80203736,0.027047826,0.84435475,0.08997773
0.8141571,0.025729915,0.8435435,0.08781638
0.8115808,0.024793237,0.85151964,0.089892514
0.8126627,0.025554907,0.845164,0.08906298
0.8186492,0.02631975,0.8369844,0.08771006
0.80010664,0.025684806,0.85045344,0.08934781
0.82463914,0.027640654,0.8248557,0.086625256
0.8153137,0.026931215,0.8331986,0.08692062
0.840303,0.027988574,0.8159401,0.08584187
0.84069216,0.029746162,0.8078491,0.08500028
0.8050959,0.026438383,0.84165716,0.08978101
0.8078731,0.02667282,0.8410628,0.08941366
0.81722313,0.026683029,0.8346677,0.08761087
0.83199036,0.026569668,0.83234596,0.08820139
0.8139164,0.027523305,0.8344362,0.08945052
0.8261445,0.028042978,0.8230398,0.08588687
0.81490195,0.026847666,0.836344,0.089163646
0.8145626,0.026708277,0.82762635,0.08440019
0.82597744,0.0272106,0.82692873,0.086266756
0.8145628,0.027405951,0.8281973,0.086332515
0.82241136,0.026912862,0.83376914,0.08825718
0.8126168,0.029302645,0.8224076,0.08662606
0.82385206,0.027507495,0.82990223,0.08718051
0.8174246,0.027637208,0.82894063,0.08696581
0.8010283,0.02425459,0.8637623,0.09335428
0.8261008,0.02585261,0.836811,0.08723182
0.8163883,0.025857447,0.8404972,0.08900458
0.8053659,0.028063705,0.8310481,0.087399796
0.81792337,0.025316646,0.8393776,0.086922586
0.8113581,0.027317785,0.83715534,0.08879227
0.8042097,0.027099244,0.84512246,0.08952248
0.82113534,0.026785355,0.83498263,0.08859918
0.8204071,0.027550329,0.8288815,0.08688103
0.8224574,0.02726408,0.8285078,0.08813395
0.8176649,0.028251138,0.8264416,0.087089494
0.81990665,0.028371604,0.826666,0.08756221
0.8063629,0.025038831,0.851107,0.08969806
0.8170184,0.026342545,0.84162766,0.089204066
0.81133014,0.025119206,0.8454178,0.0883467
0.82396096,0.02765724,0.82885855,0.08685518
0.8251019,0.027127571,0.82747537,0.085296586
0.81074816,0.026216913,0.83731633,0.086697154
0.8311457,0.029080482,0.8190878,0.085930824
0.8089967,0.02821343,0.83269995,0.08788162
0.81118494,0.024749687,0.85006934,0.08875375
0.8105778,0.026465433,0.84127915,0.08908536
0.80307007,0.027348759,0.84027904,0.08998978
0.81142247,0.025384909,0.84567523,0.08978013
0.81164455,0.025628913,0.8496466,0.09053813
0.8181068,0.028745735,0.8276012,0.08888023
0.8036581,0.026208477,0.84441257,0.08819555
0.8105812,0.026231738,0.83909744,0.08749558
0.82436085,0.02723709,0.83241075,0.089326486
0.84002596,0.029872868,0.804365,0.08383098
0.82428724,0.026599338,0.83801174,0.08927147
0.83575034,0.026637072,0.8230821,0.08468904
0.82200366,0.027229324,0.82394266,0.08505106
0.8463176,0.029235668,0.8120439,0.08677522
0.8168949,0.027921118,0.8258677,0.088166006
0.81091285,0.026991954,0.8384943,0.08875926
0.817986,0.026275773,0.8374096,0.086740345
0.80957294,0.02513589,0.84546155,0.08822617
0.8100745,0.024893861,0.85424465,0.091018565
0.8187318,0.027876332,0.8297786,0.087962136
0.8221124,0.028146386,0.82803303,0.08829652
0.8105122,0.024388121,0.8511897,0.08966928
0.8167209,0.027846519,0.8288481,0.087184474
0.8126887,0.028769437,0.8259915,0.08593506
0.81180567,0.027604176,0.83623815,0.08837461
0.8029111,0.025925258,0.8477921,0.08939611
0.8031475,0.026594842,0.841318,0.08834884
0.79556245,0.025161799,0.8564456,0.0907365
0.8309196,0.0277486,0.82148474,0.086032115
0.8137647,0.026611371,0.83787704,0.089124374
0.8183622,0.028328907,0.8238715,0.08627192
0.8201311,0.025621919,0.8329395,0.08594162
0.82413036,0.026893953,0.8262043,0.08506391
0.7984106,0.025139906,0.8534713,0.08961424
0.8288873,0.028536672,0.82288325,0.08729526
0.81946075,0.026740907,0.8340266,0.08678137
0.81743616,0.029008036,0.8223286,0.08724197
0.81219935,0.026368037,0.83601356,0.085824564
0.8257326,0.026092554,0.8298094,0.086032316
0.8106423,0.02626232,0.848611,0.09105709
0.82154137,0.02694837,0.8292175,0.08628881
0.8169227,0.028474018,0.8281595,0.08872102
0.8427962,0.028014803,0.8083137,0.08229901
0.8036786,0.026079599,0.8437322,0.08896572
0.8182559,0.027753243,0.8337546,0.09025874
0.81790686,0.024719782,0.8458144,0.08927239
0.81353825,0.028925529,0.8282803,0.08878273
0.808574,0.027889108,0.8347654,0.08876394
0.82318246,0.027945798,0.82643664,0.08585102
0.815571,0.029859615,0.81940585,0.08771667
0.82626843,0.029752886,0.81086665,0.08435674
0.80401915,0.024659235,0.85219556,0.08892231
0.8267621,0.02698851,0.8290348,0.08670954
0.8274014,0.027403442,0.8222376,0.08464536
0.8225041,0.030705294,0.81190866,0.085316315
0.8295768,0.03077447,0.810045,0.08502602
0.8206326,0.027594103,0.8329208,0.088702984
0.82495314,0.027603965,0.8259874,0.08611139
0.81808513,0.024681786,0.8445792,0.087661035
0.8286684,0.026796738,0.8232941,0.0845933
0.81675977,0.028786255,0.8249288,0.087478764
0.79300374,0.02901148,0.83806217,0.090121895
0.81355,0.02505956,0.84495753,0.08741568
0.81608397,0.028841583,0.8237266,0.086431555
0.8019812,0.025406815,0.8514874,0.08887672
0.80672336,0.02533231,0.8449486,0.088487975
0.82525593,0.027905071,0.8260044,0.08690027
0.8211502,0.028108576,0.8278754,0.088648945
0.83367366,0.028439606,0.81748855,0.08528451
0.819913,0.027000882,0.8341571,0.08810314
0.8266647,0.029456045,0.8173733,0.08594
0.82745904,0.02650768,0.828676,0.08750288
0.80425775,0.025730688,0.85438013,0.09078801
0.8276662,0.026597042,0.8278137,0.08610855
0.8130291,0.027406944,0.8347383,0.087395385
0.82904994,0.028163368,0.8197113,0.085258424
0.8341046,0.02792127,0.8183438,0.08651341
0.8107837,0.027506918,0.8394088,0.09047341
0.8240071,0.029540364,0.8092076,0.083011456
0.8154055,0.027222982,0.83117175,0.08681748
0.8165119,0.027641729,0.82657766,0.086544685
0.8129623,0.02583782,0.8468937,0.090826415
0.81908256,0.027523752,0.83582866,0.08874785
0.80402577,0.02631913,0.8436001,0.089329444
0.8022298,0.027449077,0.8378292,0.088424556
0.8121106,0.026706258,0.8367502,0.08731639
0.8351215,0.029492946,0.81209457,0.084959716
0.8150566,0.026791058,0.8341038,0.087070085
0.81129366,0.02706758,0.8435589,0.090635985
0.823235,0.029388752,0.8152077,0.084258065
0.81401324,0.025436508,0.84841657,0.08963356
0.8002253,0.025174657,0.8584861,0.09333496
0.8185975,0.026799677,0.83791715,0.08815932
0.7944352,0.024401162,0.85946065,0.08871781
0.8156724,0.024966428,0.8487552,0.08967492
0.8236514,0.028066896,0.8175646,0.08418724
0.8279971,0.03096211,0.8032081,0.084475465
0.8320696,0.028620508,0.8214371,0.08754291
0.8274357,0.02616471,0.8301551,0.08578321
0.8165967,0.02831287,0.8244839,0.08556961
0.8106994,0.026740689,0.83847594,0.08845277
0.809837,0.024218032,0.854273,0.0903073
0.8226642,0.028446246,0.82976085,0.08943685
0.8283854,0.027076136,0.8261037,0.084919415
0.8355971,0.029804658,0.80737233,0.08474802
0.81323266,0.028510062,0.8312411,0.08963647
0.82471323,0.027364751,0.82606107,0.08677889
0.81114393,0.026652992,0.8388934,0.08893213
0.8270707,0.02647117,0.83306247,0.0883957
0.81952214,0.027346939,0.82604253,0.08619624
0.8258682,0.027357016,0.83094144,0.087755404
0.8241742,0.027528614,0.8209181,0.085885026
0.8163191,0.026301697,0.8373477,0.08841062
0.8294452,0.0282558,0.81674975,0.0839443
0.80749947,0.026160376,0.8459738,0.08948565
0.8162822,0.02575654,0.8389296,0.0867673
0.82363784,0.026139041,0.8409378,0.08937721
0.82945937,0.027103651,0.8296356,0.08731407
0.82202107,0.026756346,0.82803553,0.085592546
0.80971366,0.026863905,0.83784914,0.08804852
0.8351274,0.027203005,0.82541174,0.08670532
0.8191457,0.027602123,0.83155566,0.087870724
0.8049696,0.026317567,0.8461242,0.0907046
0.81384957,0.027199212,0.8396581,0.0899364
0.8137747,0.027313806,0.83397555,0.088412985
0.81281203,0.02563843,0.8425441,0.089455
0.8087557,0.02787061,0.83467925,0.08886968
0.82890755,0.029273694,0.8117023,0.08361032
0.8156187,0.02651223,0.83642924,0.08729715
0.82144755,0.02761978,0.826311,0.085389905
0.81182754,0.02694776,0.8383446,0.08817511
0.8129478,0.02621717,0.840643,0.088622995
0.79794014,0.025181778,0.85598886,0.09047958
0.8131693,0.028155982,0.83010733,0.088402554
0.81083375,0.028881053,0.82646257,0.08650452
0.8162644,0.025932293,0.84286904,0.08948019
0.81067646,0.025986435,0.84142137,0.0874167
0.8280727,0.02733217,0.8247788,0.086353146
0.8158898,0.028699614,0.8244425,0.08753673
0.8324832,0.031687424,0.8027979,0.08432443
0.82997465,0.027930865,0.8206169,0.085787594
0.83154744,0.028026415,0.81772816,0.08464558
0.81520885,0.026696341,0.838223,0.08732661
0.8346309,0.028447358,0.82009417,0.086039685
0.8153312,0.027230687,0.8275959,0.08591149
0.8191762,0.028775405,0.8248546,0.0871467
0.8266989,0.026500653,0.83542234,0.08803708
0.8303384,0.026675109,0.8257441,0.08561961
0.8298451,0.029366935,0.81549853,0.085364744
0.8366083,0.029113907,0.81231725,0.08466429
0.8115325,0.025743164,0.84286016,0.088692285
0.8165622,0.029432697,0.82353246,0.087442905
0.8268501,0.02668192,0.8345417,0.08831277
0.8122949,0.02578382,0.8410717,0.08791643
0.82121336,0.027858015,0.82979375,0.087678574
0.81666076,0.026339881,0.8338927,0.087165646
0.81878954,0.02609951,0.83591706,0.088233784
0.8287912,0.027867686,0.8245722,0.08575514
0.82452446,0.027911194,0.8262069,0.08691585
0.8222312,0.028072927,0.82460654,0.08693739
0.8044438,0.026897037,0.84435004,0.089364424
0.81885177,0.025638258,0.8407166,0.088040374
0.7884692,0.024248399,0.8683954,0.09171041
0.7886067,0.024818515,0.85916525,0.089953855
0.81178486,0.027032005,0.836488,0.08922672
0.8025422,0.027181631,0.8436529,0.090745546
0.82681364,0.029073432,0.8133275,0.08276143
0.82293946,0.026299138,0.83734685,0.089504026
0.8226512,0.027221996,0.8319239,0.088395365
0.8071205,0.024757465,0.84998333,0.088392645
0.8193385,0.026330294,0.83423483,0.08728075
0.82391113,0.027141247,0.82805806,0.08659975
0.8117623,0.02524297,0.84896946,0.089423016
0.8107088,0.025775338,0.84524345,0.08903428
0.82183295,0.027894428,0.8275857,0.08688126
0.8105389,0.027237946,0.8420609,0.09059999
0.82071626,0.026037421,0.84138334,0.08820066
0.80840266,0.026392503,0.84143835,0.090331875
0.8130686,0.02623424,0.84425133,0.089437515
0.8149233,0.026537899,0.8352302,0.086457364
0.80811834,0.025468409,0.8445735,0.08831763
0.8226774,0.029760469,0.81738997,0.08687947
0.8112801,0.024918938,0.850074,0.08963189
0.8312661,0.027434638,0.8212931,0.08461673
0.8246251,0.025980959,0.8330124,0.08677231
0.8120515,0.026803402,0.8355775,0.087560415
0.8276195,0.027614722,0.8242257,0.085891925
0.8153515,0.02639168,0.8424141,0.08906835
0.82813585,0.027663453,0.8204622,0.08436525
0.8233814,0.02722615,0.82866496,0.08585671
0.8158056,0.026598115,0.83825177,0.08843324
0.8065615,0.025308583,0.854175,0.09071952
0.8271826,0.02962264,0.82117224,0.08890834
0.8148193,0.027662238,0.83517545,0.0885841
0.807118,0.026440918,0.84329337,0.08913096
0.8225917,0.02540077,0.83873814,0.08753437
0.8122075,0.02813775,0.83113354,0.08767406
0.8323077,0.027234375,0.82287437,0.084672906
0.8030337,0.024825262,0.858461,0.090553306
0.8214783,0.026583355,0.8329172,0.08760003
0.83376175,0.028886542,0.81209934,0.08523032
0.81994796,0.025749566,0.84017944,0.08886748
0.808664,0.026791876,0.8414593,0.08860136
0.81609887,0.023440395,0.8555168,0.08883092
0.81782913,0.02795057,0.82776535,0.087171674
0.8143335,0.02564554,0.84014916,0.08605158
0.8128086,0.027341736,0.83786756,0.08911033
0.8068102,0.026609918,0.8430273,0.087935254
0.8210841,0.027775584,0.8243198,0.08558981
0.821371,0.028655179,0.8238313,0.08600783
0.8173469,0.027494768,0.829986,0.086554095
0.7891915,0.02398046,0.8675388,0.09172056
0.81915575,0.029451419,0.8227864,0.08815363
0.82222486,0.02719759,0.83329844,0.088348545
0.83134395,0.027589122,0.82426584,0.08689008
0.8311657,0.030948516,0.802303,0.08381119
0.80614704,0.026356434,0.842588,0.08896685
0.8241267,0.026398633,0.8362948,0.08833671
0.80391604,0.027999299,0.8361846,0.088053055
0.8172302,0.025624692,0.84461856,0.089571245
0.8120743,0.027030393,0.8353639,0.088793755
0.8407068,0.027629375,0.81592053,0.08546561
0.81462747,0.025907665,0.84075075,0.08897953
0.81161064,0.023734674,0.860478,0.09127684
0.7987272,0.023856862,0.86533725,0.09173648
0.8227407,0.02750013,0.8301219,0.08764672
0.8124823,0.024906844,0.84817326,0.088022724
0.8111681,0.025516491,0.84578764,0.088517666
0.8363969,0.030282019,0.8022622,0.08442649
0.8122434,0.02550682,0.8459485,0.08924955
0.7975374,0.025752569,0.8536143,0.08947778
0.8277523,0.027389739,0.8239824,0.08529153
0.81700975,0.026283767,0.8390323,0.087951355
0.82138443,0.02618952,0.8336937,0.08700953
0.81125224,0.022892628,0.85641354,0.08736111
0.81377375,0.02765538,0.8333331,0.08875644
0.8176336,0.02731184,0.8316973,0.08673807
0.81382835,0.02756421,0.8318846,0.0871469
0.8225064,0.028047364,0.8232295,0.086955234
0.8037189,0.026418284,0.85011995,0.09082202
0.82878155,0.027022062,0.8227144,0.08572787
0.82822496,0.027719202,0.82031864,0.084313504
0.81766814,0.029385319,0.8177715,0.086321466
0.84098,0.027497122,0.8151768,0.08439347
0.8257145,0.028245589,0.8257793,0.087824374
0.8349677,0.028933723,0.8127753,0.08476777
0.81781304,0.026023215,0.8391004,0.08783727
0.8274215,0.026282866,0.83098096,0.08669531
0.82261515,0.027667977,0.8225828,0.08610007
0.82217896,0.0267507,0.8276924,0.086462826
0.8155113,0.027105397,0.83548,0.087339036
0.8156243,0.027708001,0.8281824,0.0872052
0.8219134,0.026822517,0.83409333,0.087752774
0.8249571,0.028483056,0.8164536,0.0853426
0.8326157,0.03193755,0.79699624,0.08479348
0.8016439,0.025420582,0.851703,0.089713156
0.8114983,0.027303219,0.83815426,0.08862813
0.8205944,0.029528633,0.8196205,0.08730123
0.8219214,0.030062985,0.8217176,0.08886509
0.80882597,0.024333572,0.85405964,0.08886428
0.8239758,0.027422978,0.8256294,0.086294614
0.8165422,0.027537575,0.8358546,0.089697696
0.8219944,0.026127651,0.83733106,0.088593796
0.81403184,0.026732294,0.8425338,0.088544026
0.8167089,0.026773045,0.83087474,0.086277105
0.813686,0.026711328,0.83851725,0.088901706
0.83348167,0.026371324,0.8286098,0.08565502
0.8142767,0.025357911,0.8435075,0.09012426
0.79718155,0.025226118,0.8530013,0.09036916
0.81977165,0.026329992,0.83594155,0.08728976
0.82758987,0.02809809,0.8245638,0.08630342
0.8027831,0.027144814,0.8408116,0.08949559
0.8457701,0.03102924,0.797046,0.08273864
0.8071114,0.026516452,0.84281725,0.088775195
0.832741,0.0291665,0.81395733,0.084334694
0.8374403,0.029228663,0.8070125,0.08227913
0.8224628,0.028105292,0.8246366,0.08704478
0.80380213,0.02515484,0.85447675,0.09034745
0.81984997,0.02729429,0.8270092,0.0868711
0.83183664,0.027350852,0.8215317,0.085446134
0.79109925,0.023633784,0.86262053,0.08944506
0.8239044,0.026749477,0.8265193,0.0855129
0.82276785,0.027766678,0.82623154,0.085897215
0.8155941,0.025855562,0.84336585,0.08964747
0.82855386,0.029329367,0.8177076,0.08675604
0.8280894,0.027416166,0.8268531,0.08736074
0.83189374,0.027044002,0.82445073,0.08516544
0.81829256,0.02715989,0.8344692,0.0876593
0.81739366,0.027119236,0.8363045,0.088416696
0.8094274,0.026266335,0.8386987,0.086726494
0.80699635,0.026554627,0.8451208,0.08950737
0.83178455,0.025774632,0.8358559,0.08633686
0.8152881,0.027603809,0.8348402,0.08783261
0.81353974,0.026044479,0.84035015,0.08747589
0.8206074,0.0284126,0.82578814,0.08777188
0.8077079,0.026678525,0.83845633,0.08800134
0.8286844,0.029190298,0.8158281,0.08626853
0.81235623,0.026468707,0.8404038,0.08855883
0.81804943,0.02531078,0.8450954,0.08933792
0.8228192,0.028288458,0.8250553,0.08737865
0.82059956,0.02846731,0.8257,0.08606535
0.80527264,0.025359502,0.85125035,0.09048133
0.80622804,0.024930995,0.85402685,0.090344384
0.8321416,0.028829765,0.8170806,0.08563617
0.8029066,0.025231333,0.85552603,0.091552265
0.8181794,0.024530903,0.8431127,0.08722109
0.8202044,0.02541042,0.84678257,0.09094984
0.8081137,0.026521726,0.8385498,0.08824003
0.8145708,0.026665151,0.8385669,0.087671965
0.8227363,0.028717438,0.82944894,0.08863153
0.8112774,0.026887741,0.84163314,0.089397624
0.8304958,0.02685499,0.82677126,0.086205386
0.81946045,0.025753962,0.8375324,0.087072805
0.82919794,0.027599452,0.8238764,0.08706437
0.8134955,0.026973162,0.8333483,0.087295756
0.8066169,0.026275748,0.84150547,0.08646866
0.8068586,0.024241388,0.85558504,0.09070107
0.83174473,0.027559716,0.81855774,0.0842999
0.7995407,0.023775034,0.86299914,0.09113693
0.813637,0.02811536,0.8331365,0.088736296
0.81657416,0.026783995,0.8410114,0.08954024
0.81946445,0.026639067,0.83477664,0.087355345
0.82895494,0.026510024,0.8283001,0.08638533
0.80999416,0.02798076,0.8297657,0.08709248
0.8167226,0.028231524,0.8283511,0.0872416
0.7998004,0.027037561,0.8417482,0.08955995
0.8123381,0.025786519,0.8412981,0.08726001
0.8286401,0.029084366,0.81673867,0.08503161
0.81402886,0.028309327,0.8248407,0.085876346
0.8061349,0.02523001,0.8495191,0.08961867
0.81593984,0.028532393,0.8303182,0.0893897
0.81723523,0.027787149,0.8300265,0.08789065
0.81399196,0.026266396,0.8441489,0.090891615
0.8269854,0.027746072,0.8221314,0.086333446
0.8164479,0.026233427,0.8388138,0.087523974
0.8169919,0.028996587,0.8220477,0.08590825
0.83438593,0.027490554,0.8242477,0.08599949
0.8249205,0.027340524,0.82864594,0.08737082
0.82403815,0.026992591,0.82900035,0.08701901
0.80311525,0.024324454,0.8550699,0.08918382
0.8273983,0.030291766,0.8131624,0.08602758
0.8096181,0.026040697,0.8423882,0.08850046
0.8209823,0.026176728,0.83623636,0.08665405
0.8230456,0.026533674,0.8411799,0.090086296
0.82030797,0.028089108,0.8275005,0.08722278
0.8040551,0.02648781,0.84712934,0.08995849
0.82125473,0.027093431,0.8359633,0.08951954
0.81758696,0.026011119,0.8379912,0.087533385
0.81989896,0.026938047,0.82763207,0.08510775
0.8284688,0.029558405,0.8209616,0.08908097
0.8068081,0.025174052,0.8521331,0.089503616
0.816112,0.025732296,0.8432585,0.08899525
0.8226914,0.026627548,0.83883834,0.088848665
0.82207537,0.028748779,0.8202686,0.08638393
0.8124826,0.02737909,0.832328,0.08758963
0.8293222,0.026818123,0.82558686,0.08567979
0.8188057,0.027477186,0.8287927,0.085289165
0.8068965,0.025961975,0.8484906,0.09008615
0.8133175,0.026326949,0.8434082,0.08838468
0.8303549,0.028607007,0.8189142,0.08641147
0.8225417,0.030583374,0.8120254,0.08505925
0.8245218,0.028457439,0.8253754,0.08698839
0.80955446,0.026387144,0.8417399,0.089169666
0.80850595,0.024238722,0.8554032,0.089967884
0.81412345,0.026683277,0.83660525,0.08756134
0.79799163,0.026656201,0.8511293,0.090077475
0.8133238,0.026743144,0.83824134,0.08732217
0.82496715,0.029351773,0.8174363,0.08679014
0.8137956,0.027917376,0.8293722,0.08763657
0.81883466,0.02601304,0.84190017,0.0894414
0.8262009,0.028015004,0.82544523,0.086873755
0.8024972,0.024837399,0.85600823,0.090357915
0.8145323,0.027632788,0.82888615,0.08786044
0.83390737,0.02591495,0.82776326,0.08558791
0.81520784,0.027677616,0.8330539,0.088750176
0.8100852,0.026001414,0.84211993,0.08735978
0.80365634,0.02553464,0.8479388,0.0891089
0.8015268,0.024493523,0.8541472,0.089365
0.8165885,0.027530491,0.8332867,0.08822743
0.80875,0.025176309,0.84942585,0.08864026
0.80843854,0.023957824,0.8576993,0.090058014
0.8022205,0.025535284,0.84817094,0.08796954
0.8110979,0.026829328,0.8391783,0.08863538
0.82705796,0.027531095,0.82703865,0.08676465
0.81624645,0.026765406,0.83446264,0.08675122
0.8220218,0.025481286,0.8399459,0.08795431
0.81289935,0.026810713,0.834331,0.087215036
0.81833065,0.026741365,0.8381848,0.08767596
0.80856645,0.026725814,0.84303826,0.08987561
0.803577,0.02628462,0.84684414,0.09101084
0.80808693,0.025344253,0.8518455,0.088733844
0.81510323,0.026740147,0.8361601,0.08826844
0.81254274,0.026737547,0.83563244,0.08777102
0.80930656,0.027627729,0.837467,0.0889524
0.8313767,0.028799318,0.81469905,0.085195154
0.8123277,0.026212545,0.8413101,0.08840797
0.81287366,0.027255967,0.83584213,0.08932804
0.83030325,0.030931808,0.8045371,0.08436189
0.80189407,0.027560761,0.842955,0.09002347
0.8180419,0.025565559,0.8404725,0.087486506
0.8054245,0.025845047,0.84953165,0.0898103
0.825025,0.027250724,0.8343318,0.088332415
0.81724864,0.027582347,0.82439643,0.08644013
0.81836456,0.027011158,0.8331711,0.08798076
0.84383816,0.030240893,0.8039505,0.084061064
0.8179151,0.028298529,0.82553965,0.086581044
0.8118269,0.027514009,0.8338784,0.08665198
0.80498713,0.027411858,0.8389746,0.08998028
0.8064873,0.026831862,0.84431314,0.09002069
0.81487036,0.025668118,0.8363021,0.086045936
0.8238877,0.025317974,0.8390007,0.087418996
0.8116278,0.02744708,0.8351764,0.088613786
0.8304428,0.02734366,0.82232076,0.08485619
0.82858586,0.028900009,0.81700116,0.08558508
0.8017792,0.02582679,0.84704286,0.089252956
0.8383946,0.03002686,0.80958855,0.0863983
0.82749605,0.027699526,0.8210922,0.084870756
0.7984813,0.027461194,0.8425722,0.08968307
0.8318203,0.02850287,0.8184233,0.085917324
0.8155399,0.028380677,0.8289374,0.08895774
0.819548,0.026917323,0.8377345,0.08983833
0.80570984,0.025770165,0.8467562,0.0889395
0.810789,0.025914585,0.84294534,0.08937608
0.8127579,0.026463205,0.8427947,0.09023331
0.8207194,0.02538086,0.84208447,0.08854255
0.80965376,0.027399417,0.83926165,0.08803529
0.83576304,0.027739668,0.8164085,0.08408432
0.81562126,0.027499547,0.8290164,0.08753812
0.81646943,0.027396975,0.83174956,0.08693274
0.8241879,0.028106064,0.8268208,0.087451555
0.8332063,0.028886136,0.81179726,0.08491494
0.80898887,0.028379675,0.8313151,0.08751404
0.81577635,0.028812718,0.8279626,0.087610304
0.829426,0.027513806,0.82403296,0.086330704
0.83105904,0.030197512,0.809104,0.08491787
0.8147837,0.027406853,0.83231497,0.08702658
0.80832976,0.027255123,0.84037936,0.08907524
0.8161535,0.02795868,0.82857823,0.08786706
0.82856756,0.026889883,0.82876545,0.08750138
0.8292284,0.026976565,0.8271022,0.08579811
0.8244323,0.029462324,0.8275061,0.09007344
0.8132851,0.026572367,0.8384724,0.08817328
0.81818825,0.026728438,0.8337212,0.08689725
0.8026275,0.023818368,0.85799557,0.08886625
0.80160016,0.02557826,0.85489964,0.092490785
0.8209171,0.026634037,0.8320293,0.08635944
0.8244102,0.028412206,0.8215719,0.08674365
0.8242744,0.027781134,0.8274674,0.08694537
0.80370414,0.026336692,0.84957314,0.08989305
0.8218765,0.027450046,0.82677704,0.08593195
0.83004487,0.028090984,0.8207814,0.08532903
0.81515837,0.026243117,0.83658737,0.08730575
0.8189995,0.02720748,0.8349558,0.08870793
0.8234146,0.025836712,0.8346415,0.08590163
0.8323366,0.029249376,0.81529254,0.08472253
0.7940731,0.025034057,0.8606624,0.09107094
0.8183581,0.027448678,0.83271056,0.0882394
0.8091829,0.0271951,0.8385995,0.08903929
0.8161733,0.026017228,0.8432641,0.08846313
0.8138401,0.025682092,0.84974545,0.09129869
0.8167414,0.027382595,0.8340276,0.08800998
0.81925094,0.027794663,0.8290292,0.086988166
0.7964937,0.024200484,0.8595495,0.089791775
0.809281,0.026856963,0.8374639,0.087136745
0.80290055,0.026748514,0.8465136,0.090280846
0.810181,0.025818767,0.8405349,0.0877439
0.8148107,0.026156135,0.8447652,0.08956932
0.83467823,0.027109623,0.82072884,0.08468731
0.81480336,0.027192753,0.8303642,0.08667651
0.83470464,0.031015972,0.8086388,0.08593992
0.8113262,0.027469615,0.8402402,0.090707496
0.81629324,0.026533028,0.83721364,0.08838934
0.8151083,0.027439013,0.83374095,0.088692434
0.8100913,0.025443029,0.8498804,0.090800256
0.82288784,0.027665444,0.8320174,0.087849334
0.8079053,0.027006663,0.83966273,0.088759765
0.8237091,0.029190494,0.8177901,0.085208215
0.821742,0.027431492,0.8332628,0.08848553
0.8115906,0.027060146,0.83375525,0.08722978
0.8271101,0.028896958,0.8147924,0.084294416
0.81249607,0.029155793,0.8267013,0.086915545
0.81662714,0.027730629,0.8315866,0.08723669
0.8198898,0.026092088,0.83718103,0.087410115
0.814967,0.027423944,0.83096695,0.08810316
0.80090755,0.028660392,0.83530647,0.089261085
0.8297644,0.029027734,0.8170041,0.08531534
0.8306993,0.026826698,0.8303671,0.08791754
0.8371867,0.029706402,0.8056993,0.083497345
0.81960446,0.027798997,0.8242306,0.08615696
0.8183815,0.025809,0.83740324,0.08865886
0.81683195,0.026003573,0.8418118,0.08821836
0.8299174,0.030128174,0.8090224,0.08511353
0.82255,0.026452778,0.83270895,0.08761248
0.80067396,0.025993457,0.84844095,0.090450965
0.8435753,0.029158434,0.8016556,0.0813727
0.81607586,0.027145578,0.838272,0.08967148
0.82290536,0.025523761,0.8361639,0.08579377
0.8214723,0.030512916,0.8132209,0.08571992
0.8375083,0.029702585,0.81052184,0.08638368
0.817398,0.028733792,0.82843417,0.08755697
0.8193149,0.024560198,0.84731156,0.08736405
0.83026797,0.028563049,0.81918645,0.08662309
0.80587554,0.02511399,0.84805405,0.088572934
0.8419037,0.028496735,0.80943274,0.082806826
0.8131535,0.026808936,0.84352154,0.09042024
0.8313692,0.02602231,0.82956797,0.086039685
0.81667787,0.029606592,0.82346654,0.08714503
0.8236091,0.028449751,0.82133585,0.085299596
0.8119687,0.027207779,0.83454937,0.08869042
0.8189236,0.025937295,0.83518165,0.08660626
0.81792295,0.028027358,0.8226645,0.085674435
0.81263083,0.027315505,0.8312519,0.08680864
0.8306029,0.02796098,0.81707937,0.084378384
0.8236832,0.02910222,0.81962943,0.08730027
0.8232628,0.02616876,0.83864385,0.08751503
0.8272378,0.025641168,0.83081895,0.085433684
0.80694836,0.028136356,0.83459026,0.08875883
0.8154139,0.025816083,0.8398876,0.08755021
0.8107819,0.025473146,0.85000306,0.08943126
0.8229285,0.02532461,0.840974,0.088197544
0.81689394,0.027998004,0.83492863,0.08943306
0.82113886,0.027070818,0.82895315,0.08758929
0.8312719,0.029451285,0.82028276,0.087299585
0.8262001,0.026832724,0.82500917,0.08523524
0.8120145,0.026101165,0.84239876,0.08923168
0.80667293,0.027307652,0.83942914,0.08893785
0.812971,0.026479369,0.842725,0.08867402
0.8190766,0.027646277,0.8232758,0.08569309
0.82864606,0.029358303,0.81231076,0.083543584
0.8231967,0.029501216,0.81541294,0.08513308
0.81298375,0.026651334,0.8399155,0.089090765
0.81077915,0.025704287,0.8457405,0.08917411
0.8137122,0.026833005,0.8381455,0.088783935
0.80955786,0.027413309,0.8352342,0.08750659
0.8098298,0.024558846,0.8496924,0.089229554
0.8287047,0.026972257,0.82768726,0.08686833
0.8067032,0.025609251,0.8498694,0.088973336
0.81614405,0.026337037,0.83677095,0.08699569
0.83644015,0.027981294,0.81579256,0.08384833
0.82815576,0.027564704,0.8303392,0.087973736
0.8289659,0.027996141,0.82162935,0.08572391
0.82306474,0.027394067,0.8247889,0.086182475
0.8253151,0.0268078,0.8302881,0.08673468
0.7986847,0.026142312,0.8435472,0.08860808
0.8223715,0.028986549,0.8185855,0.08515307
0.8208603,0.02596778,0.8439499,0.089124836
0.8326989,0.02745784,0.82281584,0.085206464
0.823739,0.026875405,0.82918346,0.08736074
0.81747216,0.027694223,0.8290804,0.087367155
0.8021892,0.025440631,0.84790576,0.08868512
0.8077621,0.025134152,0.85020226,0.08989434
0.80945253,0.024307346,0.8540362,0.08922219
0.8166654,0.027944226,0.8294721,0.08718007
0.824736,0.026055759,0.8304026,0.08655378
0.8248655,0.028369555,0.8225244,0.086665556
0.82405186,0.027193487,0.82773143,0.08752796
0.82476044,0.025566388,0.83858055,0.08730121
0.8263407,0.024320934,0.8372414,0.08560975
0.81500477,0.028410546,0.8264335,0.08723737
0.816263,0.025933512,0.8394961,0.089261614
0.815548,0.02627028,0.8393691,0.08765351
0.8178032,0.027616223,0.8272678,0.08654992
0.80438566,0.026799312,0.84258264,0.08874554
0.81284606,0.026722277,0.84201145,0.08903623
0.8134589,0.027507482,0.8298464,0.08616187
0.81642634,0.02677782,0.83087176,0.08602469
0.80170023,0.026931984,0.84338486,0.08819746
0.82545245,0.027548995,0.82156235,0.08478685
0.83648,0.03070317,0.8085144,0.08565428
0.82122016,0.028295318,0.82635814,0.08762127
0.8103571,0.026913203,0.84300536,0.08978561
0.82591885,0.027038999,0.828599,0.086777374
0.81168526,0.026251258,0.8448984,0.08988493
0.81446034,0.025580242,0.84795994,0.088903785
0.8333843,0.028047431,0.81697685,0.08491322
0.8052801,0.025902491,0.84654284,0.08954955
0.8249543,0.026620325,0.83366054,0.08755804
0.8275406,0.027555209,0.82476157,0.087250724
0.8260873,0.025399534,0.8387404,0.08696882
0.8322509,0.029311065,0.8114267,0.08396123
0.822612,0.027313564,0.8340842,0.08844429
0.7987712,0.02372934,0.86111104,0.09111512
0.8023163,0.026114319,0.845342,0.0891888
0.8139764,0.026467806,0.839081,0.08868292
0.80569375,0.026498295,0.84324145,0.08934806
0.8308995,0.026988832,0.8274895,0.086305454
0.793425,0.024617938,0.8610375,0.09095099
0.8099137,0.027267842,0.83423,0.08792634
0.82482815,0.02606967,0.83691865,0.08847452
0.8185518,0.027417852,0.8315226,0.08745072
0.82200754,0.028477527,0.820243,0.08623334
0.81951714,0.027004719,0.8337375,0.088277504
0.8233262,0.02764453,0.8268151,0.086123005
0.80252564,0.025366468,0.8521484,0.091294885
0.80831933,0.026307253,0.8469266,0.08986592
0.8021684,0.026601551,0.84801567,0.09123953
0.808823,0.026588032,0.83990055,0.08741149
0.81845975,0.027425397,0.8351454,0.08950902
0.8111491,0.025868034,0.8434242,0.08865102
0.82767844,0.029143965,0.8151641,0.08611745
0.8215365,0.02973785,0.82087636,0.08809784
0.8070544,0.023505576,0.8586289,0.08864214
0.82156926,0.028278437,0.8265287,0.08546015
0.8223842,0.028157521,0.8280918,0.08909988
0.7984374,0.02397587,0.8661266,0.09212289
0.8242652,0.026686566,0.8345244,0.0883182
0.82967114,0.026299182,0.8314238,0.086759046
0.8244184,0.027577516,0.82240826,0.08602458
0.8178957,0.02733619,0.83371794,0.08882063
0.80382496,0.027184702,0.83960456,0.08920436
0.83105135,0.027115958,0.82671344,0.08615866
0.8118421,0.026527531,0.83315194,0.08677127
0.8273995,0.0287241,0.8127751,0.0850453
0.81912017,0.025809707,0.83958316,0.086997375
0.807289,0.025451418,0.8444984,0.087629646
0.8316433,0.028378667,0.8233827,0.086025245
0.82714033,0.024963126,0.8343499,0.084732525
0.82321924,0.028284129,0.8256969,0.08675073
0.81827503,0.026860477,0.83163875,0.087556265
0.8107166,0.026719213,0.8380509,0.08784414
0.78502154,0.02477297,0.8660071,0.09252008
0.8026192,0.027631523,0.8381108,0.08923376
0.79232746,0.02379912,0.8758606,0.09548488
0.8026186,0.025624031,0.85481405,0.09095919
0.81888753,0.027879741,0.8273691,0.08711869
0.81038,0.02445419,0.85314566,0.09024755
0.8250699,0.025720397,0.84116185,0.088006295
0.8332719,0.02657881,0.8264185,0.0847963
0.8200754,0.025506582,0.8438869,0.08900571
0.82089835,0.026119735,0.8364564,0.0874567
0.80878913,0.024772616,0.84915215,0.088192284
0.815125,0.024721762,0.842479,0.08713167
0.82068396,0.026657492,0.83631176,0.08845245
0.8129898,0.027103748,0.8361327,0.08735174
0.8289704,0.025449496,0.8334375,0.08684615
0.8258852,0.026927946,0.8295971,0.08630794
0.8202553,0.026964186,0.83929086,0.089596875
0.829256,0.02782022,0.8196452,0.08554783
0.82197297,0.028724298,0.8212665,0.08674109
0.8219372,0.0308232,0.8137995,0.08682257
0.8126293,0.026056217,0.8374713,0.08762815
0.82063895,0.0279587,0.8276923,0.08750682
0.8171066,0.027367251,0.8337619,0.087828584
0.8111896,0.026041443,0.8407277,0.087561734
0.8109606,0.025489902,0.8439429,0.08806874
0.8221534,0.027331661,0.8244479,0.08587905
0.79272366,0.02509571,0.86003613,0.09256394
0.8187226,0.02578677,0.84102213,0.08840207
0.81657684,0.027578652,0.8293921,0.08612948
0.8216878,0.027801987,0.8269416,0.086915
0.8098188,0.026136568,0.8461154,0.089721076
0.80218333,0.025459534,0.85225147,0.090378836
0.8203412,0.026915174,0.8275768,0.08592196
0.7933159,0.026046019,0.8515222,0.089469016
0.8224302,0.027140077,0.82815546,0.08619729
0.8214102,0.028129546,0.82730645,0.08727931
0.8236705,0.028871078,0.81911,0.085102804
0.8137556,0.028391931,0.8261574,0.08708619
0.810964,0.028039167,0.83296454,0.08568737
0.8122251,0.02954809,0.82760704,0.088834435
0.8120847,0.028253166,0.82852143,0.087570645
0.8116563,0.027124053,0.83747536,0.089035995
0.8085673,0.027068991,0.8406096,0.08934112
0.8434856,0.029439364,0.80758935,0.08480502
0.8224479,0.027523357,0.83573484,0.09019124
0.8036083,0.02414673,0.85979646,0.09036804
0.80628806,0.025350373,0.8537048,0.089996755
0.82440937,0.0271657,0.8277098,0.08715983
0.81111467,0.02587522,0.8411428,0.08783717
0.8267204,0.02819139,0.82431465,0.08600677
0.82795745,0.028590798,0.82032335,0.08689534
0.81457025,0.02772242,0.8312612,0.086898156
0.8126177,0.025998712,0.85208356,0.09119549
0.8068476,0.02610004,0.8474633,0.090254225
0.81313497,0.02700068,0.83391887,0.0871044
0.81681174,0.028069345,0.8253272,0.08767721
0.80935645,0.027060164,0.83751667,0.08831052
0.8083024,0.025059698,0.8498994,0.090396315
0.8190178,0.026309267,0.83885056,0.089491606
0.81771475,0.02607202,0.8359875,0.087513626
0.81262517,0.027470669,0.83524036,0.08714582
0.81644535,0.026495352,0.8373245,0.0882415
0.80504626,0.027184172,0.8366844,0.08714761
0.83955175,0.02721526,0.81933963,0.084242254
0.81442696,0.025500095,0.8463471,0.08891271
0.80656934,0.025860962,0.84558684,0.08854808
0.80172235,0.027334306,0.8370458,0.08762614
0.8158574,0.025883785,0.841602,0.088595256
0.81257814,0.025869755,0.845306,0.08988623
0.7886051,0.02450124,0.8635835,0.09129678
0.8189536,0.026822964,0.8352826,0.086835735
0.80346817,0.026692286,0.8459767,0.08999066
0.83232707,0.027990527,0.82204545,0.08697543
0.83128756,0.029572293,0.80831623,0.0842481
0.82442796,0.028636295,0.81954724,0.08661338
0.8276777,0.028934322,0.82333994,0.0874428
0.81057996,0.026039282,0.8406634,0.087312154
0.80934566,0.024932094,0.84652597,0.08883786
0.80901563,0.02471046,0.8506671,0.0895278
0.8099924,0.026416332,0.84233695,0.089078866
0.84499675,0.028798494,0.80524313,0.08194763
0.8191773,0.026182245,0.84223616,0.090390965
0.8022882,0.025668375,0.8499278,0.091019735
0.8141921,0.02470325,0.85012466,0.089419775
0.81927866,0.027509581,0.8253457,0.08573555
0.80897254,0.025917156,0.84266156,0.08943532
0.81333584,0.026151665,0.8420185,0.08984928
0.81366545,0.026599362,0.83551264,0.08762743
0.7969209,0.026019555,0.8574313,0.09171518
0.797988,0.02368746,0.8608462,0.089941226
0.81216824,0.026863066,0.84372896,0.08995163
0.81730664,0.028551582,0.82391804,0.086104736
0.8192398,0.025280427,0.83810526,0.08715648
0.80599856,0.024244087,0.85810214,0.09041739
0.8181722,0.027236758,0.83585256,0.08818686
0.81215554,0.028533835,0.834322,0.090043075
0.8051635,0.026264424,0.8404931,0.08728872
0.80166876,0.025870811,0.8507714,0.08979041
0.82435846,0.028194387,0.8221604,0.08611463
0.814519,0.026934681,0.8334187,0.087525226
0.8206233,0.027788714,0.8279839,0.08719836
0.8098138,0.025384491,0.84755754,0.08761358
0.8398931,0.027280387,0.8173134,0.08404663
0.80088747,0.026985975,0.83761555,0.08844364
0.7973647,0.025072614,0.85774004,0.09119127
0.8253888,0.030953592,0.81432635,0.08814358
0.8016977,0.025902398,0.8442141,0.088322625
0.8072238,0.027716491,0.8391292,0.089665346
0.8220336,0.02830469,0.8282736,0.08883878
0.8337894,0.030305933,0.809734,0.08455973
0.8137897,0.02709106,0.8395741,0.090669595
0.82369345,0.029300725,0.8174138,0.0857077
0.81882554,0.030297132,0.81885093,0.087319426
0.8312981,0.027227877,0.82346857,0.08492553
0.80884975,0.026937526,0.8389567,0.08793108
0.81718445,0.028288417,0.82571834,0.08631642
0.82447314,0.026487375,0.8329905,0.086497545
0.8086129,0.026266992,0.8423137,0.08759761
0.8061146,0.02431915,0.8578889,0.090601854
0.8142713,0.024887143,0.84123665,0.08767287
0.8117213,0.02757591,0.8318113,0.088273995
0.8097205,0.027032759,0.8351958,0.08704779
0.8324888,0.028355416,0.82064754,0.08600479
0.80210346,0.024449462,0.8594118,0.09144232
0.80888844,0.025679631,0.8473973,0.08903287
0.82425064,0.02636172,0.83048016,0.08536008
0.8271106,0.027364295,0.82215303,0.08507294
0.8172827,0.02630233,0.83690107,0.08869237
0.8187494,0.02669494,0.8290977,0.08617399
0.79824865,0.025569681,0.8563717,0.09207632
0.8197185,0.027837671,0.8303894,0.088076085
0.8294148,0.026832264,0.8228749,0.085242815
0.82984596,0.028699264,0.8180581,0.087219134
0.82188773,0.026756683,0.8342116,0.08774365
0.81533974,0.026002096,0.8417268,0.08943843
0.8224891,0.0255012,0.8455649,0.090006925
0.82598746,0.02762319,0.8239496,0.08604709
0.8216509,0.02885505,0.823238,0.08579109
0.7995354,0.026527088,0.84880334,0.09111729
0.83360314,0.029664064,0.8129769,0.084943004
0.83504903,0.028385442,0.81363857,0.08389846
0.8227909,0.025578948,0.83968455,0.087837696
0.82488215,0.026781185,0.82926345,0.08723673
0.8240681,0.026755178,0.82950807,0.08706954
0.8027988,0.02520721,0.8565405,0.090985805
0.8268376,0.029475203,0.81748,0.0864741
0.8097774,0.024533045,0.86019605,0.091303505
0.8140738,0.025741255,0.8391335,0.08727863
0.84449494,0.028674403,0.8103221,0.084867805
0.8154732,0.026754394,0.8323987,0.08773181
0.817435,0.025387965,0.8437786,0.08849213
0.8140853,0.02850075,0.8222808,0.085174516
0.8287277,0.02694923,0.8267505,0.08598856
0.80098456,0.02446559,0.8566287,0.08979745
0.82076466,0.026815284,0.83226776,0.087437145
0.8043561,0.025233956,0.8492107,0.088602796
0.8033202,0.027780943,0.8353227,0.08804751
0.8128524,0.025558539,0.8405902,0.08633581
0.80933,0.028106023,0.8358793,0.08970176
0.81672263,0.028799394,0.8268702,0.08704123
0.82181656,0.026774252,0.83437234,0.08691428
0.81855124,0.025630703,0.8400882,0.0865361
0.80569834,0.027368328,0.8406094,0.08998779
0.8168053,0.027239377,0.83180195,0.08693749
0.81642133,0.027393812,0.8292185,0.08749472
0.810318,0.025503421,0.84293807,0.08777683
0.8120277,0.02722424,0.83399516,0.087735265
0.8434439,0.029537857,0.8054437,0.0828178
0.8188062,0.02701877,0.838245,0.08844782
0.7997318,0.027727166,0.8427107,0.089584
0.81523013,0.027592393,0.8315939,0.08820261
0.8223475,0.027492462,0.83131456,0.08793802
0.81427497,0.025183674,0.8504884,0.08994088
0.80788046,0.0270187,0.8403011,0.088893056
0.8189102,0.02822651,0.8242145,0.08584877
0.8242446,0.02729002,0.82730174,0.08595732
0.81437343,0.02848768,0.8306873,0.08947688
0.8049941,0.02629542,0.84712076,0.08973442
0.8370982,0.02843939,0.81792563,0.084905125
0.82328683,0.027760597,0.83223915,0.08990255
0.82730484,0.02625793,0.83331084,0.08671266
0.80935186,0.028553564,0.830652,0.088208266
0.8368364,0.026598189,0.8208058,0.08414025
0.8107739,0.02468959,0.8461365,0.08786132
0.8171095,0.027557107,0.83234334,0.087206304
0.80320746,0.029069614,0.8269971,0.08661953
0.8306781,0.030177152,0.8092431,0.08456032
0.83765364,0.028729798,0.8111446,0.08412795
0.81842774,0.025209079,0.8439246,0.088013195
0.81876165,0.025887618,0.8315716,0.08521691
0.81780463,0.027859628,0.8309332,0.08715418
0.81717306,0.027681952,0.8289412,0.08818711
0.83851445,0.026752092,0.82438534,0.08619589
0.8235004,0.029094208,0.81649494,0.086192645
0.8047298,0.027260834,0.84070116,0.08957287
0.8226723,0.028219923,0.82285494,0.08624876
0.82383066,0.026053857,0.8278776,0.08597476
0.81978333,0.02630768,0.8371016,0.08724405
0.8212896,0.027415035,0.82704055,0.08575951
0.81348264,0.027413022,0.8364007,0.08841619
0.8237952,0.029470215,0.8154422,0.08570422
0.8179289,0.02662271,0.82973164,0.08573165
0.8302773,0.026931586,0.82793015,0.08685576
0.80392617,0.027065223,0.83745325,0.08766195
0.8219281,0.028894145,0.82054865,0.08592703
0.82304335,0.028638903,0.82172936,0.08732544
0.8228364,0.030315015,0.81537277,0.08481703
0.8235256,0.025751026,0.8336717,0.08646899
0.8188619,0.026245907,0.8396339,0.08906468
0.81078,0.026680967,0.8408892,0.089026
0.8309687,0.027089426,0.8267132,0.086576276
0.816485,0.02848677,0.82731086,0.08763523
0.8186518,0.030862547,0.8146182,0.08577937
0.8221916,0.028409043,0.81688756,0.08480312
0.8136226,0.026473852,0.84030545,0.089672826
0.8240798,0.02446996,0.84578824,0.0879316
0.82927364,0.02730044,0.82898337,0.08770998
0.8073965,0.025031734,0.85067713,0.08961771
0.8091904,0.026414663,0.8430938,0.08798588
0.83520865,0.028520783,0.8218183,0.08681618
0.82472545,0.029673535,0.8162138,0.086975865
0.81893826,0.025419526,0.8391775,0.08752141
0.8036308,0.023975503,0.8598357,0.090768375
0.8294937,0.027718758,0.8190419,0.0851069
0.80407166,0.026121603,0.8448927,0.08908713
0.7985768,0.025342923,0.8534369,0.089878716
0.8283367,0.027823333,0.8210844,0.083873846
0.7783152,0.02400571,0.8741739,0.09325993
0.8182059,0.026810229,0.83275545,0.087296695
0.813847,0.026020825,0.8418489,0.0892497
0.7946396,0.027791735,0.8466935,0.08983782
0.82039523,0.027738975,0.82647985,0.0864741
0.82095116,0.030736862,0.8159497,0.08819231
0.8230165,0.02806448,0.8252769,0.08617557
0.8232732,0.025986448,0.8394774,0.08876747
0.81276864,0.026086215,0.84220386,0.08804058
0.78899795,0.02705688,0.85341436,0.09180069
0.8178678,0.026692146,0.8295541,0.08591773
0.810882,0.027645862,0.83149016,0.088034
0.8302569,0.026294442,0.82992816,0.0857553
0.83140445,0.026201705,0.82634646,0.085096836
0.81468934,0.02699093,0.8336025,0.08763416
0.8151237,0.027168782,0.8346771,0.087986045
0.79966986,0.02654298,0.8458021,0.089409515
0.8240377,0.028954031,0.8272274,0.08942265
0.83633626,0.02772739,0.82117534,0.08605632
0.81841475,0.02728911,0.8348583,0.08811799
0.7962262,0.026753763,0.8503561,0.090160646
0.8221266,0.029002933,0.8190863,0.08655923
0.83094305,0.026659481,0.8260493,0.08613175
0.8234913,0.028054146,0.8223816,0.08611344
0.8097559,0.024977878,0.8489676,0.088949874
0.82923794,0.027769037,0.8207881,0.08508012
0.8208874,0.025936726,0.83257186,0.08490522
0.82296824,0.024992686,0.84128803,0.08775459
0.8308853,0.027645366,0.82445323,0.08653901
0.7999422,0.024488851,0.84922785,0.087393925
0.8077847,0.025851246,0.8439184,0.08836759
0.8467182,0.02967599,0.80946064,0.08529049
0.8176182,0.02691255,0.82838005,0.085083105
0.80889416,0.028211802,0.8305269,0.0872422
0.8301364,0.028351068,0.8174567,0.08501785
0.8205392,0.025387777,0.8404801,0.088967435
0.82017976,0.025674801,0.8352535,0.08525099
0.8176542,0.026807519,0.83749056,0.087730914
0.82008845,0.029256362,0.81897,0.08537502
0.80605274,0.024481853,0.85033536,0.08796912
0.8103603,0.026922572,0.837824,0.08863656
0.8259116,0.026479652,0.83436555,0.08736724
0.8247083,0.027882215,0.8228958,0.08475056
0.8129516,0.026188832,0.8373797,0.08675214
0.81212693,0.028569818,0.8304417,0.089078166
0.8315686,0.027485179,0.8238125,0.08674928
0.82408994,0.027014712,0.82759535,0.08616873
0.81006473,0.026175074,0.8389965,0.087567285
0.8185879,0.027094012,0.830797,0.08668682
0.8210933,0.028868228,0.8237838,0.08756215
0.8148359,0.027667621,0.83061194,0.08787697
0.8431224,0.029470678,0.81136674,0.08518426
0.8150592,0.025453525,0.8397243,0.08635946
0.8252837,0.029329108,0.8193926,0.08624938
0.81172544,0.029102242,0.8275244,0.08859608
0.83331066,0.029568084,0.8129914,0.08566465
0.80471045,0.027893212,0.84055537,0.08988517
0.8327433,0.028944597,0.8093869,0.08313409
0.8060151,0.026400818,0.84138614,0.08767868
0.830483,0.02852319,0.8175278,0.08420031
0.80176437,0.025811916,0.85164535,0.090564705
0.8243122,0.026615577,0.8318057,0.08732683
0.83043593,0.028936496,0.81571984,0.08427683
0.80542386,0.02622237,0.845638,0.089832075
0.8262072,0.02581673,0.8375787,0.087036066
0.8177885,0.026186766,0.83984154,0.08777562
0.8377383,0.029212112,0.81026536,0.08497357
0.82231265,0.028554305,0.82187974,0.08553327
0.8161412,0.025742581,0.8431407,0.089634866
0.81974775,0.02818489,0.82365656,0.085868195
0.8114048,0.026197638,0.84723836,0.09062335
0.7979649,0.026055293,0.84738135,0.0875092
0.8111157,0.025414413,0.8418694,0.08627702
0.84606767,0.028207438,0.8134089,0.084153704
0.82927173,0.026409889,0.82520694,0.08430014
0.82534546,0.029329611,0.82166106,0.08890098
0.82451624,0.02625139,0.83125466,0.08724176
0.8205916,0.027490724,0.8314911,0.086804
0.81136173,0.023699457,0.8523663,0.0885385
0.825649,0.02705912,0.8244421,0.08557818
0.8084153,0.024557428,0.8493756,0.08810076
0.8199976,0.02805781,0.8275958,0.08719102
0.82202774,0.028343871,0.8277771,0.08638928
0.81268823,0.025657471,0.8430525,0.088402696
0.8181158,0.026102958,0.84204715,0.0901955
0.8171415,0.024936534,0.84229857,0.08745906
0.8208289,0.027718255,0.8275883,0.088047974
0.8417407,0.02973822,0.80472887,0.08331833
0.81170076,0.026874512,0.83395106,0.08617273
0.82136667,0.028143749,0.82127905,0.085658304
0.80435175,0.025588574,0.8440917,0.0882834
0.8328851,0.031562127,0.8027918,0.08530531
0.83954126,0.031282127,0.7984083,0.081886776
0.83124983,0.029967958,0.8088194,0.08460154
0.8146481,0.028402222,0.8269725,0.08758589
0.8220223,0.027735172,0.8267465,0.087517135
0.8062787,0.025743913,0.8494874,0.089918196
0.8092207,0.027111426,0.83791053,0.089098066
0.8137229,0.027081314,0.83555084,0.08748886
0.83861554,0.026780648,0.8235719,0.08489921
0.8107239,0.026991826,0.8380392,0.08783595
0.82401276,0.028877907,0.81802404,0.086183645
0.81061935,0.022823444,0.8595616,0.089402765
0.82656175,0.028599758,0.8185031,0.084924355
0.83493006,0.027106281,0.82773286,0.087282225
0.81697285,0.031698614,0.8142589,0.087857716
0.82763344,0.029734263,0.81319225,0.085447006
0.81089187,0.026645107,0.83490247,0.085649975
0.79684055,0.027022101,0.8433453,0.08914269
0.80709714,0.02683037,0.8417589,0.08952171
0.82146454,0.027931724,0.83000994,0.08897654
0.797858,0.023206634,0.86655897,0.09037256
0.84384257,0.02664298,0.82373136,0.08583027
0.81919163,0.026015187,0.84008604,0.08763312
0.82287395,0.026914185,0.8283285,0.08663217
0.79698443,0.02647591,0.8444612,0.089433335
0.8137635,0.02487379,0.84719014,0.08891383
0.8239382,0.029583998,0.8144708,0.084365405
0.820516,0.025492843,0.839632,0.088491395
0.81548244,0.024014445,0.8533279,0.0894512
0.81503814,0.026939666,0.83681524,0.08796801
0.7960381,0.025617294,0.84971285,0.089524664
0.8125102,0.028418066,0.8298706,0.08874438
0.81592387,0.027312515,0.83136255,0.08698528
0.8289279,0.028648539,0.8215976,0.086988285
0.81207985,0.023802955,0.85591996,0.08986736
0.83013165,0.027795803,0.82461524,0.08670427
0.8124491,0.027890174,0.8369286,0.09040052
0.82070655,0.027858293,0.8318493,0.08831174
0.81875557,0.02782434,0.8262089,0.08588857
0.8166969,0.027024176,0.8379719,0.08878542
0.83446294,0.025899613,0.8320741,0.086105764
0.7994369,0.023429058,0.86522806,0.09105346
0.80845773,0.027432341,0.8355998,0.0879371
0.8264836,0.026245037,0.83254683,0.086526856
0.81970805,0.028473984,0.8287556,0.08819271
0.8049564,0.025173739,0.8452368,0.08704791
0.80680233,0.026625847,0.8407823,0.0877652
0.8255521,0.027919779,0.8173814,0.085329294
0.8093125,0.029486682,0.8289874,0.08822221
0.82081753,0.025232458,0.8425263,0.088861994
0.808426,0.02714427,0.84239686,0.0908966
0.823561,0.025336832,0.8413221,0.086984925
0.8173639,0.028742287,0.8227544,0.08654926
0.82319385,0.025788467,0.8368162,0.08724921
0.8256048,0.028658979,0.81892914,0.08629268
0.84235203,0.028727498,0.8147475,0.086057775
0.80950916,0.02519884,0.85010266,0.09024617
0.80259985,0.026217857,0.84060585,0.087660365
0.8116895,0.025077509,0.8469516,0.08832431
0.8017585,0.024731603,0.8499672,0.08831656
0.8007664,0.025733057,0.85181516,0.08972578
0.8288274,0.029714916,0.81746703,0.086882375
0.81134206,0.025905209,0.84097457,0.08785736
0.82615346,0.028714933,0.82200485,0.08712125
0.8301457,0.026541457,0.8286912,0.08685661
0.8064023,0.0254339,0.84937686,0.09098036
0.8090776,0.028079668,0.8344552,0.088899456
0.81789535,0.02680668,0.8396673,0.08997091
0.81412774,0.024837758,0.8524117,0.09071288
0.80187184,0.025947481,0.8548178,0.09257881
0.82249814,0.029543815,0.82242054,0.08825108
0.8137802,0.025426509,0.84191537,0.08765257
0.83798456,0.027787302,0.81842756,0.08404122
0.82010126,0.026714124,0.8362213,0.08835167
0.82121867,0.025809357,0.8364549,0.08722223
0.820359,0.027238883,0.8305517,0.08638383
0.81131697,0.027324546,0.83656955,0.0877918
0.81455916,0.025079727,0.84722257,0.08962506
0.8051862,0.026755504,0.8406087,0.087966874
0.8181318,0.027129157,0.8331583,0.08733416
0.81321,0.027189972,0.8398638,0.08941334
0.8157276,0.025422236,0.8437722,0.08928956
0.801579,0.02566811,0.8486763,0.08992924
0.8121405,0.027259393,0.83381283,0.08805973
0.8247541,0.025639584,0.8362413,0.087718114
0.82223094,0.02727047,0.82398695,0.08494653
0.8043472,0.026943108,0.84513575,0.08928581
0.81283915,0.028201291,0.8313665,0.08838158
0.8165799,0.027006991,0.83245784,0.08618506
0.8379437,0.02944842,0.8101808,0.08523798
0.82860476,0.028579451,0.82124925,0.087712884
0.8317969,0.028243897,0.8219652,0.08584908
0.81862193,0.02433894,0.8490865,0.08835185
0.82334054,0.028993005,0.8179471,0.08592044
0.8420656,0.027474428,0.81914127,0.085784175
0.7947755,0.02378517,0.8684586,0.091828495
0.8258404,0.027872438,0.82587767,0.086489834
0.80939096,0.026534794,0.84545445,0.09061781
0.8111677,0.025498357,0.8443318,0.08795855
0.82605594,0.030659411,0.8096474,0.08468177
0.8199426,0.027368119,0.8274496,0.08678861
0.7973269,0.02602191,0.8529615,0.09127889
0.8192745,0.027060391,0.8285749,0.08551481
0.8322235,0.02927188,0.8088755,0.08405952
0.8219223,0.02818483,0.82415736,0.08558767
0.8151511,0.026210733,0.84484005,0.08926772
0.80152416,0.025761694,0.8486765,0.08934851
0.83062315,0.028080136,0.8227912,0.08692248
0.81955594,0.028893698,0.8206213,0.0861089
0.8248235,0.028448103,0.8200671,0.084558465
0.8111563,0.02646301,0.83873624,0.087036066
0.82032496,0.02950206,0.8196266,0.0871145
0.83636636,0.027777418,0.81614816,0.083930336
0.82098395,0.028397659,0.8198312,0.085171975
0.8248011,0.02779866,0.8273494,0.0871107
0.81331134,0.025976166,0.843544,0.08872786
0.8248749,0.028174484,0.82486445,0.08719786
0.8229464,0.027508374,0.8258433,0.08662556
0.81731945,0.027032018,0.837594,0.088724434
0.81709087,0.0279119,0.826576,0.08684224
0.79733026,0.026180387,0.85416394,0.09153015
0.8105826,0.026940692,0.8378378,0.08830098
0.82341206,0.027339514,0.8319788,0.08836504
0.8197051,0.02645819,0.83316857,0.08655665
0.8343485,0.02863198,0.815297,0.08447484
0.8247702,0.029653104,0.8189966,0.08603952
0.8019667,0.026495352,0.84854406,0.09033493
0.8074226,0.027568245,0.83857477,0.08896294
0.8140316,0.025987204,0.8410907,0.088708
0.8114771,0.024800492,0.84945536,0.08961136
0.8100531,0.025869163,0.84616655,0.08909726
0.8170119,0.024908347,0.8408221,0.08773401
0.8127008,0.027201118,0.835273,0.087302394
0.82298183,0.028380413,0.82350266,0.085767
0.8144806,0.026328104,0.8363099,0.08743792
0.8248844,0.027397268,0.82694995,0.0872134
0.8096656,0.026691867,0.8334406,0.0868206
0.80169535,0.02832293,0.83509284,0.0895651
0.81303984,0.026826514,0.8425286,0.08974069
0.8096771,0.027273232,0.83557457,0.088195734
0.81355137,0.026096424,0.84346366,0.08987175
0.8105322,0.029559202,0.8207906,0.08752575
0.7997097,0.023807188,0.86639845,0.09332899
0.8056726,0.025493408,0.84760106,0.08939498
0.8203356,0.026988698,0.8347447,0.088223666
0.80177027,0.024969911,0.86085343,0.09092597
0.80067617,0.025515487,0.8500491,0.09001352
0.8130186,0.02841404,0.8292901,0.08818964
0.82784563,0.027881589,0.82307035,0.085446596
0.8051285,0.024898004,0.8502154,0.0890288
0.8237441,0.028479077,0.82530826,0.0864125
0.816475,0.02835952,0.8293365,0.088630535
0.8178199,0.02606649,0.83919847,0.088669874
0.8376973,0.027007738,0.82290906,0.08635881
0.8068695,0.025667107,0.84448963,0.0888672
0.8155551,0.027035892,0.8364405,0.08668839
0.7937349,0.025820756,0.85334295,0.089962736
0.8142434,0.028757025,0.82827556,0.08770609
0.8245308,0.028060721,0.8221601,0.08471798
0.82267374,0.028338924,0.8243044,0.08757211
0.81630665,0.02746052,0.82940185,0.08661918
0.8186472,0.02720204,0.8345676,0.08843278
0.80386186,0.02608659,0.85320836,0.09186079
0.81077,0.027435495,0.83450127,0.08806368
0.8121204,0.02899846,0.8253659,0.08757938
0.80750895,0.025724934,0.8416818,0.087819204
0.81902266,0.029307976,0.827508,0.08864977
0.80817527,0.027757902,0.8346271,0.08800493
0.8238272,0.026094558,0.8387941,0.08874144
0.81382746,0.027068721,0.8365335,0.08903696
0.82755995,0.028412065,0.82400274,0.08690568
0.8291747,0.028291175,0.8200874,0.08637032
0.8343556,0.030541724,0.80898136,0.08497282
0.8206867,0.026842091,0.8383516,0.08892305
0.81946915,0.026922368,0.8307585,0.087596774
0.8069059,0.02782158,0.8358452,0.089295186
0.81434375,0.026593592,0.83870775,0.08937885
0.7986118,0.024070265,0.8576251,0.08982096
0.8300181,0.02842632,0.8191246,0.08550662
0.81242657,0.027146574,0.83692795,0.08872587
0.8039102,0.026680103,0.8430123,0.08814978
0.808927,0.026066918,0.84246796,0.08849688
0.8188877,0.027125612,0.83623636,0.08905939
0.82907933,0.027776822,0.81956273,0.085580505
0.8009859,0.025087753,0.8526342,0.090094954
0.8241538,0.026439695,0.83475864,0.08728664
0.8288052,0.028719239,0.8174918,0.08601823
0.8153599,0.02557037,0.84375924,0.08900312
0.8274358,0.027831035,0.82229656,0.08584052
0.81513584,0.024785962,0.8509729,0.09000341
0.81056,0.024960006,0.84516317,0.08749577
0.83962363,0.029387442,0.81042063,0.084637955
0.8095896,0.026998138,0.8358709,0.086983494
0.8076371,0.025916087,0.84606797,0.08871705
0.80988216,0.026376676,0.84299886,0.089322075
0.823216,0.02646802,0.8322,0.08657042
0.82528776,0.025203736,0.8389237,0.08802121
0.8295713,0.026077734,0.8386847,0.08973716
0.810691,0.026042853,0.84406245,0.08927941
0.8206578,0.026249155,0.83516663,0.087232694
0.8202222,0.026299808,0.8345984,0.08710889
0.8239113,0.029290367,0.8179915,0.08590827
0.825447,0.029430697,0.8180368,0.08744322
0.8209674,0.025416927,0.8412782,0.08892907
0.8040405,0.027289174,0.8380061,0.08794978
0.8359554,0.030834481,0.80366504,0.08436957
0.80806655,0.027552994,0.8393264,0.08992853
0.8212892,0.02694388,0.8344478,0.08780243
0.8227271,0.023933258,0.8470491,0.08740515
0.8277183,0.027490646,0.8211549,0.08585943
0.8305606,0.027376974,0.822724,0.084812276
0.8164806,0.027447866,0.829552,0.08706703
0.81162,0.026956268,0.83687186,0.088632315
0.82194287,0.026793685,0.8319912,0.08587188
0.8150282,0.027162435,0.84047437,0.09040726
0.8242468,0.028777793,0.82142335,0.08620744
0.8318577,0.027824301,0.81848836,0.08544018
0.8045874,0.025573308,0.8515668,0.090057865
0.8073122,0.026015285,0.8491395,0.08982002
0.8109427,0.026737476,0.8363081,0.08778699
0.82314897,0.025837753,0.8355522,0.086061284
0.815401,0.028563954,0.82694274,0.08613486
0.8287575,0.02841951,0.81858605,0.085939944
0.8115056,0.025051162,0.84842056,0.08870459
0.8114917,0.02762942,0.83490795,0.08678371
0.8170201,0.025339684,0.8412807,0.087600484
0.8144076,0.024728088,0.845869,0.08747554
0.80132294,0.027260588,0.8436924,0.0911293
0.82079566,0.024464885,0.8431663,0.087737754
0.81412953,0.025899613,0.84246033,0.08894366
0.8168677,0.02655031,0.8364398,0.08913183
0.801801,0.02556665,0.8502876,0.08931183
0.8162937,0.027625587,0.8328605,0.087894425
0.81348467,0.026975768,0.8344521,0.08871356
0.79960054,0.025192574,0.86223346,0.09279
0.80198884,0.02458753,0.8567833,0.089854226
0.81575346,0.023642762,0.8569719,0.089460224
0.8072284,0.026981492,0.84142566,0.089234166
0.8166135,0.0257124,0.83739066,0.087726854
0.8078661,0.026250195,0.8450843,0.0891082
0.8022941,0.026039407,0.8457557,0.08864011
0.8158243,0.02608743,0.84047884,0.087639324
0.81103534,0.025172371,0.8466479,0.089325055
0.81294507,0.029994914,0.82104564,0.0871947
0.8242403,0.027543753,0.82708114,0.08667184
0.81153715,0.027357081,0.8366391,0.08911742
0.82389164,0.02788236,0.8287914,0.088825054
0.8317445,0.02632464,0.8261672,0.08562473
0.8166987,0.026053583,0.841799,0.08928973
0.80809236,0.023534613,0.854288,0.0880638
0.8050066,0.027738757,0.83622974,0.089114934
0.8201859,0.027240628,0.8325083,0.08820915
0.82780564,0.029706685,0.8157725,0.08705464
0.8206042,0.026598165,0.83384544,0.0873899
0.8335412,0.027812527,0.81985396,0.08492786
0.80187804,0.025612457,0.8508779,0.09080132
0.80156296,0.026148926,0.84785384,0.08938153
0.82243365,0.029809255,0.8126506,0.0850222
0.8216836,0.027915586,0.8271346,0.08733102
0.8185132,0.028312748,0.8269921,0.08663034
0.8135658,0.027222684,0.832517,0.08758209
0.82082677,0.028887333,0.818437,0.08487138
0.8214959,0.030097682,0.8126604,0.084857605
0.81109107,0.026184618,0.8386641,0.08683855
0.80726624,0.02758092,0.83800375,0.08947127
0.8100223,0.02585028,0.84069854,0.08811948
0.8361509,0.027102152,0.8236949,0.08508657
0.8190783,0.028017428,0.8253253,0.086927004
0.8076751,0.024852343,0.852264,0.08911445
0.81418425,0.029496849,0.82891023,0.08862883
0.8212604,0.028967606,0.8194325,0.08575516
0.8252878,0.027933102,0.8196863,0.0852059
0.8121675,0.026985642,0.83821195,0.08913104
0.8267,0.02683167,0.82622826,0.08680595
0.8247044,0.027984302,0.8233891,0.08674724
0.8220118,0.025329942,0.83987707,0.08689314
0.8217652,0.02893573,0.81854075,0.086693704
0.8302133,0.028287372,0.82189775,0.08670737
0.80805576,0.024830665,0.8542915,0.09056307
0.80790156,0.024871584,0.8563601,0.09065552
0.81406623,0.025966544,0.8400303,0.08704627
0.8319968,0.02899799,0.81575495,0.08637717
0.8055578,0.028416257,0.8352018,0.08894809
0.8223776,0.02723172,0.8285255,0.086383745
0.82003856,0.02479523,0.84552824,0.08885492
0.83107,0.028813755,0.8162105,0.08597298
0.81795657,0.028734718,0.82538444,0.08772516
0.8122607,0.027090782,0.8367276,0.08815476
0.8226349,0.027365815,0.82998085,0.086886995
0.8435935,0.028792514,0.81358254,0.085575834
0.8235414,0.02586973,0.835779,0.08788193
0.83512944,0.028476082,0.8170259,0.08591421
0.83749616,0.029260103,0.81217384,0.085519075
0.8052314,0.028163604,0.8364938,0.089214556
0.82456774,0.028638158,0.8235452,0.08796115
0.8122582,0.028934337,0.8217178,0.085505165
0.8204487,0.02580222,0.84299576,0.08917555
0.80827045,0.02590611,0.83918566,0.087077305
0.8152313,0.02939864,0.81837547,0.08593101
0.8165129,0.027459033,0.8335319,0.0879089
0.8141257,0.028020876,0.8264885,0.08716912
0.819569,0.029334486,0.8210356,0.08613416
0.82607377,0.029227765,0.81744975,0.08655622
0.7913115,0.02447963,0.8585989,0.09070045
0.81812775,0.026057541,0.83767575,0.08758088
0.833588,0.028674444,0.81636226,0.08618257
0.8271637,0.024717307,0.84251904,0.08784027
0.8043198,0.024106631,0.8522101,0.08851268
0.8210995,0.02612942,0.8366788,0.0874551
0.81107235,0.029106133,0.8224071,0.085587874
0.81979203,0.026412703,0.83767724,0.088325426
0.80217576,0.024278209,0.8549361,0.08882969
0.82158,0.028650144,0.8272487,0.08893789
0.8352101,0.027838785,0.8139032,0.083931215
0.81833005,0.027972749,0.82883316,0.08703137
0.8012348,0.02489167,0.852859,0.08948192
0.80788195,0.024988016,0.8476947,0.08873603
0.81998307,0.027056584,0.8324895,0.08706769
0.8116531,0.027740682,0.8371891,0.08942815
0.82922745,0.029646713,0.8158347,0.084799476
0.8166265,0.026646854,0.8330562,0.086806305
0.82329017,0.026600238,0.8314547,0.08699399
0.81009084,0.026673188,0.83506143,0.08754948
0.8184579,0.028149875,0.8255058,0.08628165
0.81444335,0.026924774,0.83354557,0.08734501
0.80614614,0.025701866,0.8492616,0.09119373
0.81014484,0.026772024,0.8336318,0.08773585
0.81394494,0.02658608,0.83906,0.08811644
0.8239882,0.027646607,0.8265721,0.08607481
0.79329705,0.025991715,0.85424876,0.09160982
0.80308884,0.026332265,0.84909993,0.090991184
0.83057195,0.027786944,0.8227052,0.08618886
0.82986814,0.025984725,0.8329269,0.08691295
0.8241077,0.026037706,0.83399796,0.086205654
0.8175057,0.026718123,0.83544296,0.08868816
0.8249344,0.028571269,0.81963825,0.08633233
0.80709815,0.025123883,0.8520688,0.0895243
0.81533444,0.026963139,0.83697665,0.08865922
0.8152651,0.02721099,0.8342471,0.08859684
0.80651504,0.026725195,0.8427314,0.08969104
0.8212998,0.029239438,0.8180691,0.08630877
0.8315913,0.029463856,0.81060547,0.08510708
0.81650656,0.027769513,0.8299708,0.0882649
0.82984805,0.028398674,0.81737113,0.08479592
0.82330555,0.02714689,0.8309524,0.08789084
0.8362429,0.026861798,0.8215271,0.085216805
0.80407155,0.027510807,0.84227365,0.090733126
0.8255481,0.02878556,0.8151459,0.08496557
0.8107263,0.026859006,0.8356144,0.08704827
0.8302156,0.028448714,0.81621796,0.08366443
0.8183014,0.028288769,0.8249503,0.087443426
0.8049174,0.027588267,0.8435527,0.09028937
0.8260732,0.028929232,0.82116866,0.08702685
0.83768344,0.02824441,0.817181,0.08537209
0.81400806,0.027867593,0.8305643,0.088306196
0.811047,0.026877057,0.8417692,0.09018859
0.80544937,0.025561836,0.85079366,0.088937916
0.8295036,0.02817377,0.8187659,0.085975684
0.82606107,0.02755911,0.827825,0.08697095
0.8199077,0.027054597,0.8393778,0.08963563
0.82264805,0.027044505,0.8283959,0.08576085
0.81117207,0.028029863,0.8357983,0.08881163
0.8025714,0.024837896,0.85318655,0.089161694
0.8271445,0.025877053,0.8372075,0.08754662
0.82714796,0.02668747,0.8257977,0.084848925
0.8254768,0.027706204,0.8245994,0.08766218
0.81335807,0.026602324,0.8348396,0.0870277
0.8123127,0.026006537,0.8401757,0.08801943
0.81504005,0.027682567,0.8307818,0.0866084
0.81150144,0.026129732,0.8419587,0.088549495
0.8089349,0.026573533,0.8439159,0.089617066
0.81673026,0.029026952,0.82690585,0.08777167
0.82125086,0.026824057,0.83308595,0.08699268
0.8281915,0.027566103,0.82145876,0.08477221
0.81259596,0.026080178,0.8417273,0.08981034
0.81228703,0.024971297,0.8482903,0.08827732
0.8121591,0.027330292,0.8360723,0.08773118
0.82392454,0.0268143,0.8276708,0.084605955
0.8220202,0.026894415,0.82716,0.08538154
0.8000821,0.025625437,0.851935,0.089835785
0.819656,0.030265389,0.82040846,0.08651033
0.82576215,0.023616109,0.84710336,0.08779889
0.8361801,0.028868793,0.80973613,0.08412895
0.82544136,0.028064936,0.82882285,0.08756025
0.82374614,0.027866757,0.82617784,0.08640449
0.821005,0.028014878,0.83441544,0.09073806
0.7989425,0.026079617,0.85074794,0.08923889
0.81206715,0.029456649,0.8237281,0.08606734
0.82116723,0.027049921,0.8300738,0.086555436
0.8171193,0.024602976,0.8458517,0.088099375
0.83562416,0.026475556,0.82790697,0.0871961
0.83525556,0.027619522,0.81617594,0.08485927
0.81304836,0.027892228,0.83029205,0.08800931
0.8168579,0.025777575,0.8452981,0.0893442
0.83909297,0.028890984,0.80562437,0.082648404
0.8121197,0.028292065,0.8366023,0.090048395
0.8173947,0.026145754,0.83804536,0.08724948
0.8129925,0.025574716,0.8449689,0.08918506
0.8193087,0.028068423,0.82840663,0.087494954
0.80450517,0.025714658,0.85308975,0.09136772
0.8185288,0.027497115,0.82624793,0.085639186
0.8149427,0.027709885,0.83577657,0.08772317
0.8201131,0.027641715,0.8271727,0.08610088
0.813399,0.029984139,0.8224725,0.08623166
0.8151319,0.024770455,0.8484786,0.08901679
0.81588775,0.028191201,0.82711923,0.08695768
0.8217544,0.027535934,0.82575643,0.08789157
0.8062884,0.02670079,0.8452162,0.090408444
0.8082389,0.027354145,0.83239335,0.08641973
0.8220402,0.028164046,0.82078344,0.08595611
0.82240576,0.026221309,0.8307767,0.08542371
0.8056498,0.027219115,0.8346611,0.08773068
0.8062661,0.027389528,0.83715445,0.08931569
0.823987,0.027184851,0.82734287,0.08452061
0.81155866,0.025803806,0.84112513,0.0883859
0.79299474,0.025311654,0.8651293,0.09405058
0.8139213,0.026287684,0.83863574,0.08860725
0.82755226,0.027223418,0.8299501,0.08653986
0.8273581,0.02773756,0.8215277,0.08686804
0.80512255,0.02835657,0.8331244,0.089977086
0.83710104,0.029022627,0.8147619,0.0857406
0.8253044,0.028398247,0.82399434,0.0866071
0.8184261,0.026196877,0.8326444,0.085566774
0.81237596,0.026602622,0.830122,0.08555217
0.81436753,0.026781416,0.8377127,0.08812085
0.79033977,0.024621684,0.86307955,0.09064316
0.8146636,0.025789723,0.83712286,0.08724657
0.8225267,0.026993427,0.8285008,0.08604709
0.8256243,0.030284494,0.8113751,0.086365454
0.8153653,0.027102243,0.8376759,0.08950959
0.8221671,0.02781103,0.8257069,0.0871554
0.8269426,0.026239414,0.83110553,0.086009145
0.8103417,0.026297025,0.83566695,0.087387756
0.808248,0.026850393,0.8323738,0.08570531
0.8359745,0.02733681,0.8242717,0.086989656
0.8243647,0.027399633,0.8266648,0.08700799
0.82887995,0.027288081,0.8257473,0.0863613
0.82140017,0.026550531,0.82907295,0.08633754
0.8048301,0.02807549,0.83941793,0.08993552
0.82393897,0.02471997,0.84248585,0.08850211
0.8331528,0.028638117,0.8175066,0.085016124
0.8065377,0.025884809,0.8505872,0.090960145
0.8214281,0.028310055,0.8308606,0.088601805
0.82342124,0.027050115,0.8358532,0.08961339
0.81588644,0.025890278,0.84265256,0.08887551
0.82083946,0.026782647,0.8374648,0.08868488
0.8268111,0.028483884,0.8170711,0.08417381
0.8022304,0.02568148,0.844447,0.08850994
0.8267659,0.024579741,0.8413548,0.08665142
0.8107722,0.026073314,0.8434998,0.08862667
0.8084281,0.02581164,0.84010607,0.08702164
0.81172925,0.02468029,0.8525511,0.08989586
0.82128376,0.026359828,0.83316386,0.086437926
0.8115147,0.026324494,0.8420687,0.088488124
0.8274818,0.028590683,0.81876034,0.08459026
0.80895495,0.026912138,0.8373204,0.08746221
0.8261517,0.028699327,0.8261503,0.08841705
0.8163027,0.02822857,0.83237475,0.08834225
0.82494456,0.028535707,0.81972593,0.08610338
0.8185082,0.02794695,0.8294416,0.08831647
0.8153509,0.025410008,0.83766824,0.08587035
0.81011015,0.028271312,0.82915473,0.086894654
0.8112114,0.027403867,0.83728534,0.08921879
0.8090112,0.027398987,0.8385802,0.08850363
0.81440854,0.025624735,0.84661055,0.08960448
0.82735497,0.027514264,0.8247417,0.087242946
0.8161444,0.027348407,0.8324861,0.08786691
0.80336756,0.023870436,0.86424357,0.09135376
0.8262603,0.027428672,0.827103,0.086302474
0.8387243,0.027999759,0.8162501,0.085010305
0.8112123,0.026487166,0.837893,0.08782657
0.8161982,0.026934264,0.83642596,0.0869752
0.8096768,0.027335858,0.8331811,0.08714977
0.8040325,0.024594009,0.85334337,0.08992128
0.81508076,0.026590917,0.83324134,0.087489635
0.82006025,0.028726175,0.81727064,0.08523278
0.83637863,0.027240688,0.81861377,0.08493043
0.8126289,0.025741605,0.85117644,0.0908034
0.8256366,0.029253706,0.8157046,0.08412073
0.81560606,0.028040417,0.8301743,0.0875633
0.8124508,0.026054852,0.8419015,0.088600814
0.8229038,0.027066462,0.8340292,0.08748346
0.80411786,0.027041055,0.8394865,0.08790327
0.81872493,0.02769598,0.8279323,0.08685333
0.82393676,0.028085418,0.82429564,0.0850095
0.8175309,0.0269243,0.8340872,0.087242305
0.8255926,0.026338506,0.83084404,0.08610931
0.82509536,0.028573435,0.82028216,0.08617849
0.82139033,0.027095,0.8303054,0.08682878
0.8117494,0.026173396,0.83882636,0.08778527
0.79159474,0.026557533,0.8529896,0.09090208
0.8122489,0.027789442,0.833369,0.08742262
0.8183381,0.027282175,0.82809293,0.087194994
0.8135391,0.025721991,0.8439029,0.088316225
0.81325114,0.025049586,0.84879994,0.08898023
0.82563764,0.02638401,0.82937676,0.085421994
0.81149536,0.029019997,0.8257506,0.087846465
0.8076573,0.02633106,0.8480764,0.09050042
0.8083281,0.024376199,0.85456514,0.090915136
0.8236665,0.026364323,0.829788,0.08619961
0.81586176,0.027215455,0.8287974,0.086557105
0.8210574,0.024223603,0.85357004,0.08975513
0.8322139,0.025712978,0.8326507,0.08730712
0.82718825,0.028712612,0.819305,0.08503283
0.8148337,0.026384834,0.8336962,0.087084986
0.80786407,0.026258763,0.84354657,0.09094741
0.8022579,0.026005073,0.8434853,0.08766325
0.8127047,0.026452716,0.8403108,0.08913612
0.8143804,0.026248354,0.83587146,0.08621642
0.8251242,0.026745804,0.8317282,0.08810832
0.80381775,0.02663699,0.8451856,0.089899115
0.8081762,0.02687529,0.8416287,0.08946643
0.8370995,0.030133877,0.80708337,0.08413308
0.81513107,0.027639573,0.83160263,0.086889066
0.8146716,0.025013795,0.8415441,0.08769279
0.8133711,0.026214745,0.8439262,0.08990986
0.79471487,0.026145423,0.8586599,0.092631474
0.8255422,0.027212257,0.835029,0.08929544
0.81103957,0.02633123,0.84230906,0.08793871
0.8183348,0.02654712,0.83500135,0.08875105
0.83298326,0.028143916,0.8211704,0.08577025
0.80605537,0.024918966,0.8528835,0.09079097
0.79868454,0.027333342,0.8469872,0.0900124
0.8152188,0.029003333,0.82354915,0.08668506
0.82167256,0.028027544,0.8272961,0.08669424
0.81758475,0.025979536,0.83770406,0.08787756
0.8246171,0.028414069,0.81970793,0.08560549
0.79050416,0.025366226,0.85876447,0.09089378
0.83086395,0.027223183,0.8270634,0.08646622
0.8022669,0.025670474,0.8487016,0.08986187
0.82430416,0.029181927,0.81545496,0.08642536
0.81606513,0.025684455,0.84124386,0.08897081
0.80902606,0.025262784,0.85406876,0.090811886
0.8046773,0.025027694,0.8513223,0.08990831
0.8172894,0.02824006,0.8256854,0.08678335
0.8042152,0.025971713,0.8491935,0.090059265
0.82339025,0.025322791,0.8427946,0.088143095
0.8227158,0.025170961,0.8399042,0.087619014
0.82423246,0.026378538,0.8321139,0.08721379
0.8332803,0.028485188,0.81400585,0.083272554
0.82480776,0.030409513,0.8136852,0.08538785
0.8199666,0.02718327,0.83446383,0.0884812
0.8108712,0.026134474,0.8436547,0.0868948
0.7990206,0.025596384,0.8527429,0.09043529
0.80298424,0.02524506,0.8502137,0.0905344
0.8094148,0.02490081,0.85019803,0.08860666
0.82786155,0.029832603,0.81637555,0.08634044
0.82732916,0.0281154,0.81966394,0.08527164
0.82023656,0.024484666,0.84540814,0.08706261
0.82312465,0.027336327,0.8266384,0.086046636
0.80763763,0.027176492,0.8337898,0.086949885
0.82034254,0.025404688,0.84136134,0.08803265
0.82660395,0.027540937,0.8308996,0.0891007
0.81325823,0.026913306,0.8389723,0.088688985
0.8042936,0.026888542,0.84799635,0.09130986
0.8159546,0.028224364,0.8314356,0.088861994
0.81063825,0.027357277,0.8341905,0.08683967
0.8239604,0.027651735,0.8218716,0.08506146
0.8256741,0.025846446,0.8319214,0.08557486
0.80486375,0.026587443,0.8475407,0.090221345
0.82064015,0.02879318,0.8287165,0.08800682
0.8257372,0.030763907,0.80488247,0.0833079
0.81939214,0.028734902,0.8282293,0.08764546
0.81785095,0.025142867,0.84375215,0.08686251
0.81631744,0.027561983,0.8318176,0.08701683
0.8178586,0.028300405,0.8270237,0.087186515
0.8314464,0.026231501,0.828211,0.0864117
0.81865996,0.027603414,0.8272087,0.086301275
0.81379914,0.026126355,0.84586984,0.08981632
0.809509,0.025142105,0.84610504,0.08935984
0.8217928,0.028391695,0.8247631,0.086995944
0.80627054,0.027976338,0.83760065,0.09076303
0.830165,0.027840963,0.8211759,0.08636558
0.8049388,0.029951164,0.8250762,0.08838209
0.81608623,0.026535578,0.8343099,0.087262794
0.8317138,0.029323842,0.81146383,0.083617575
0.8222684,0.027296228,0.82782775,0.08709319
0.8131631,0.026334627,0.8415629,0.087680325
0.7842187,0.02266199,0.88208365,0.093299225
0.81749046,0.027151719,0.8372293,0.08902356
0.810845,0.025808169,0.8441597,0.08859642
0.8197088,0.0282255,0.8271113,0.088448256
0.8141826,0.02672315,0.84193164,0.09056384
0.8209136,0.028927438,0.81973016,0.08672412
0.84424675,0.031501997,0.79723877,0.08365777
0.7941328,0.0266142,0.84563315,0.088804156
0.80869037,0.027056262,0.8405141,0.08937167
0.81743616,0.028018404,0.82869536,0.08695357
0.81057787,0.025732143,0.840366,0.086399436
0.82596767,0.028827436,0.82063574,0.086002275
0.81422853,0.028624875,0.8231432,0.08725634
0.8258294,0.027826384,0.82299846,0.08614872
0.8262376,0.026211102,0.837188,0.08798567
0.84182715,0.028749313,0.81153655,0.084872656
0.8267803,0.027103283,0.83068264,0.08788038
0.80749017,0.027284881,0.8410428,0.08967787
0.82871586,0.028753288,0.8203245,0.0865271
0.82399035,0.028537272,0.820701,0.085362524
0.8115794,0.026333991,0.8415537,0.08883725
0.8316891,0.028154949,0.82138973,0.08557698
0.8216713,0.02564807,0.8378805,0.08826328
0.8249315,0.02674391,0.8296968,0.0857635
0.8199412,0.026442582,0.8374647,0.08839545
0.8037186,0.025527693,0.8445742,0.08893344
0.8260724,0.030439217,0.81182694,0.08570713
0.82111496,0.027275873,0.8294486,0.08738186
0.8125751,0.027168414,0.8342959,0.08777041
0.81724757,0.02868289,0.8243363,0.08630764
0.8076677,0.025620062,0.84319246,0.088500634
0.816904,0.028067974,0.82965755,0.08796702
0.8168744,0.029534306,0.8243464,0.08784127
0.8106382,0.025735307,0.845034,0.09025616
0.7936334,0.024056554,0.8646547,0.09000804
0.82565093,0.02614874,0.8375531,0.08842435
0.8036292,0.025607085,0.84809625,0.08880786
0.81037104,0.025537439,0.8417034,0.08755791
0.818212,0.027282838,0.83644146,0.08897957
0.8250091,0.02682941,0.83002144,0.08680032
0.8109975,0.029006356,0.82656026,0.08735391
0.82251644,0.027800303,0.82982165,0.087683484
0.81864804,0.028908258,0.82223743,0.086394064
0.81687087,0.026944527,0.8327659,0.0876561
0.8441108,0.02916527,0.8066464,0.08361536
0.8348058,0.027715739,0.8188424,0.08516621
0.82209367,0.028569955,0.8215748,0.08716612
0.8211913,0.027060714,0.830728,0.0875452
0.82803375,0.027427398,0.82710767,0.08676701
0.81304604,0.026400307,0.8404364,0.08943881
0.8229768,0.02737734,0.82428956,0.08530971
0.81212306,0.027933056,0.8302448,0.08679738
0.8136974,0.027528929,0.8355447,0.090466164
0.81945616,0.026914936,0.8274509,0.0862037
0.8225941,0.027111549,0.83244157,0.086698025
0.80169326,0.02629868,0.8511854,0.09100656
0.8232646,0.027759584,0.8227454,0.0854211
0.81248534,0.027049843,0.8356071,0.08833772
0.8352134,0.028008834,0.82292366,0.0868866
0.81928754,0.027646547,0.83316565,0.08802457
0.81303394,0.027312933,0.8346395,0.086907335
0.8257642,0.026907075,0.8305528,0.086982585
0.8144026,0.026149139,0.84118617,0.08821452
0.8229607,0.027431171,0.83169043,0.086961955
0.8124086,0.02545273,0.84511507,0.088767365
0.82372594,0.027187062,0.8299352,0.08779856
0.8042005,0.02658217,0.8487076,0.09090772
0.8178842,0.02692772,0.8309762,0.087317884
0.81885433,0.026498353,0.83855087,0.08846072
0.81826496,0.028897742,0.82420397,0.08802696
0.8048875,0.02705009,0.83801204,0.08900915
0.81418264,0.025791291,0.83568096,0.08615258
0.80918866,0.026628805,0.83937997,0.087560505
0.8377327,0.02911408,0.8070592,0.08304124
0.82303166,0.028319642,0.8197391,0.08576741
0.8192106,0.026372142,0.83899474,0.088282034
0.81579816,0.028042609,0.82898796,0.088486016
0.821764,0.026967414,0.82880116,0.087000504
0.82029915,0.029340718,0.8222768,0.087406926
0.82475483,0.02606555,0.8362205,0.087386675
0.82974756,0.030004434,0.80983233,0.08404185
0.83366305,0.027312106,0.8237867,0.086406894
0.8156091,0.02867495,0.82343835,0.08663091
0.8204864,0.029594947,0.81795204,0.08535487
0.8120124,0.026945408,0.83949196,0.0902684
0.8130902,0.027260322,0.8269454,0.085095115
0.8067909,0.02652482,0.8437064,0.0895377
0.82450914,0.0282926,0.82674676,0.08809776
0.80484337,0.025945317,0.8419198,0.08733179
0.79799527,0.02562088,0.85920805,0.09270748
0.83371675,0.02705049,0.82213324,0.08595318
0.81183875,0.02805088,0.83111453,0.087817445
0.8213091,0.026683645,0.8353612,0.087566786
0.8027562,0.02704874,0.8455942,0.089822866
0.8283187,0.028525796,0.82181096,0.086486764
0.79894763,0.024182051,0.86342853,0.09175767
0.8110611,0.027016625,0.83854204,0.08912737
0.7960916,0.024653984,0.85761845,0.09007417
0.8217034,0.027153559,0.82885265,0.085811734
0.811718,0.025490727,0.8470091,0.08895995
0.8091503,0.027089136,0.8402275,0.08891593
0.8307818,0.028971544,0.8166826,0.08573018
0.81634814,0.026574256,0.8354029,0.08859971
0.83410925,0.030107558,0.8133961,0.08672017
0.83468395,0.02869713,0.81355625,0.08448586
0.8205687,0.027089342,0.82966137,0.08714761
0.8169587,0.027090602,0.83357054,0.0867054
0.8210208,0.027063869,0.8273355,0.08579811
0.82235825,0.027858857,0.8341881,0.08877697
0.81118965,0.026644232,0.8429722,0.08918663
0.8128721,0.027040875,0.8360007,0.08645986
0.81047463,0.027083866,0.83710593,0.08818827
0.8216145,0.030092588,0.815258,0.085281156
0.8354818,0.027259842,0.8188634,0.08400943
0.8131241,0.027760848,0.82774657,0.08591827
0.8051307,0.02734188,0.840412,0.08935848
0.8215699,0.028022084,0.8276439,0.08692988
0.82660973,0.02929703,0.8148378,0.08521439
0.8124815,0.026437841,0.8376781,0.08724459
0.8159077,0.02728605,0.83146495,0.086658575
0.81183165,0.028273247,0.8310434,0.087359525
0.80507267,0.024955181,0.8479453,0.08723267
0.8225431,0.027584834,0.8286833,0.0875179
0.8219861,0.024565592,0.848225,0.08851496
0.8350711,0.027397687,0.81914324,0.0839897
0.8307909,0.029433222,0.8127356,0.085618444
0.8037302,0.026073836,0.84604645,0.088745505
0.81850874,0.027638434,0.82846284,0.08667
0.8269423,0.025863614,0.83336884,0.08647866
0.8193571,0.027188351,0.83177096,0.08797084
0.820023,0.024629204,0.84730494,0.08917385
0.8080604,0.026537748,0.84302855,0.08895361
0.8239371,0.026193716,0.83209133,0.08695378
0.82487804,0.026390955,0.83069474,0.08704785
0.8067615,0.027456068,0.83831805,0.08938254
0.82529753,0.027750134,0.82222927,0.08568657
0.82074654,0.028915882,0.81917685,0.08668195
0.8179143,0.027378311,0.8305983,0.086548746
0.81762844,0.02516616,0.8439158,0.08925313
0.83136016,0.029481424,0.8165274,0.08616125
0.8250867,0.025877886,0.83496577,0.08660956
0.810198,0.026291357,0.8411903,0.08898827
0.81600136,0.027279977,0.8277601,0.08611652
0.8011297,0.025089907,0.8512058,0.09012626
0.8193485,0.027448436,0.8276406,0.08546802
0.83447886,0.029096197,0.80803776,0.08380484
0.82070607,0.02722099,0.82724476,0.08633883
0.8202882,0.027479721,0.8259669,0.086666256
0.8133057,0.026598817,0.83277136,0.08694074
0.79815644,0.024733419,0.8618197,0.09229313
0.83336455,0.028083986,0.81742346,0.084595226
0.80639887,0.02840739,0.831058,0.08855053
0.8173524,0.028193003,0.8242336,0.086047724
0.7943675,0.024834888,0.8654826,0.09218491
0.804804,0.025803352,0.85012233,0.09091977
0.80865455,0.025788715,0.84542656,0.089016914
0.8180655,0.027295675,0.8342204,0.08741263
0.8102394,0.02840183,0.8340539,0.08855743
0.8323399,0.027125016,0.8200015,0.084103085
0.81314874,0.025315752,0.8491015,0.088946246
0.8075158,0.0250351,0.849172,0.088104926
0.8227189,0.027955947,0.82422984,0.08631523
0.838289,0.029941369,0.80862916,0.085426375
0.8153624,0.027280971,0.835163,0.08812242
0.82029176,0.027100343,0.83104485,0.0871592
0.83269006,0.030060828,0.8124602,0.08650101
0.8118912,0.026464846,0.842072,0.08980118
0.81191105,0.028447324,0.8280383,0.08714547
0.82225823,0.026581885,0.83203894,0.08690825
0.8247817,0.028201938,0.8228148,0.085048966
0.818391,0.026606353,0.8374999,0.08807947
0.8196187,0.026940739,0.8331211,0.088730186
0.8158062,0.027371557,0.83092123,0.08774037
0.8143266,0.028328462,0.8283923,0.08791349
0.81266505,0.027050516,0.8371416,0.08915816
0.8121941,0.02695297,0.83551526,0.08679964
0.81270087,0.025214063,0.8446222,0.08881584
0.8216545,0.026592223,0.8353997,0.08786134
0.81363285,0.026349694,0.834173,0.08646866
0.8085083,0.024867456,0.85308945,0.0905208
0.82189685,0.025971923,0.84124225,0.088480696
0.7991619,0.02619517,0.8510708,0.091277756
0.8191356,0.027843054,0.8274979,0.086708896
0.82397985,0.028387696,0.8263826,0.08824756
0.8188296,0.026435863,0.84276134,0.09072153
0.8233327,0.026912857,0.8275499,0.08626318
0.83348054,0.028109435,0.81374586,0.08406575
0.8167686,0.026672864,0.8329974,0.08684168
0.83331835,0.027410584,0.82039106,0.085112944
0.80789524,0.025401315,0.84601533,0.08950754
0.8362291,0.027647166,0.81943905,0.085562184
0.82314426,0.03031751,0.814237,0.08560287
0.8037523,0.025388697,0.8509587,0.09012918
0.80635786,0.024383396,0.8447785,0.08706238
0.8137159,0.02746573,0.8387034,0.08879812
0.8353843,0.030840276,0.80551016,0.08480241
0.82225704,0.02856879,0.82025325,0.08607739
0.82511795,0.0266478,0.8328603,0.088030405
0.8199928,0.02803168,0.82577765,0.086808994
0.8106039,0.026606727,0.835956,0.08641944
0.8140914,0.027944919,0.84073585,0.09216217
0.8171171,0.02724174,0.82881385,0.08646546
0.7947274,0.025222125,0.8593967,0.091603
0.8154632,0.025984533,0.84107846,0.088205196
0.8089374,0.027580218,0.8395338,0.08898178
0.8252598,0.027691828,0.82972926,0.08876831
0.82465005,0.028153017,0.8221872,0.08423587
0.82606757,0.02661894,0.8302517,0.086265564
0.8059735,0.024283065,0.85352767,0.08939319
0.8225862,0.028016634,0.83096534,0.089087725
0.8153256,0.02713974,0.8368626,0.0885034
0.80728954,0.027219167,0.84078157,0.08924689
0.82387537,0.027469253,0.8272334,0.08783696
0.81448954,0.026804125,0.8360882,0.087621085
0.80549383,0.026170058,0.8439561,0.08901838
0.83136106,0.027282318,0.8240236,0.08522217
0.8149131,0.027977858,0.83126855,0.088609554
0.7982976,0.026616657,0.8469228,0.08948211
0.8197753,0.025702251,0.838932,0.087733544
0.80047536,0.027542794,0.8375923,0.08808543
0.82406706,0.028217494,0.82524145,0.08649107
0.8082339,0.024712905,0.84983766,0.08776984
0.820052,0.027288895,0.8354285,0.08980034
0.815122,0.028398134,0.8301977,0.08788537
0.8255321,0.026466109,0.8336328,0.087918
0.81552577,0.027577784,0.8312413,0.08729838
0.82772493,0.026201623,0.8309828,0.08728439
0.8063225,0.027680283,0.8381737,0.08942555
0.8239735,0.028938537,0.82093257,0.086915754
0.81148773,0.026668845,0.8364611,0.08754864
0.806741,0.026671274,0.84554976,0.08940649
0.8220046,0.02622329,0.83094513,0.08628144
0.8327635,0.027148891,0.8296946,0.08788703
0.8294199,0.029299174,0.81420493,0.08519659
0.8222485,0.027668849,0.82495606,0.085271925
0.81324804,0.027247619,0.8315325,0.08768405
0.8128553,0.025905233,0.83605963,0.08723742
0.7950538,0.02610775,0.8542472,0.09137225
0.8064881,0.0261844,0.8427608,0.08890507
0.8171572,0.02829983,0.82981867,0.08860178
0.804922,0.024622593,0.84988064,0.08752082
0.825567,0.028436765,0.8217667,0.08664471
0.811239,0.025089016,0.850402,0.08871491
0.8212317,0.02927218,0.81812716,0.08549498
0.8163894,0.02910367,0.8252846,0.08831805
0.8116753,0.027161762,0.8360126,0.08792395
0.80769616,0.027391762,0.83783925,0.08853189
0.8147496,0.025397578,0.8438776,0.087416224
0.8406846,0.028639743,0.8055387,0.082180575
0.8072768,0.02485774,0.8503768,0.08912388
0.8168779,0.026702095,0.8399692,0.08909316
0.81631213,0.025547633,0.83694553,0.08628498
0.8209828,0.025280185,0.83662266,0.08760112
0.81072426,0.024460569,0.8534628,0.09000246
0.82011575,0.027317967,0.8335796,0.089119315
0.8241376,0.026945831,0.83036333,0.087361194
0.8178875,0.025267567,0.83975506,0.08793508
0.80800813,0.024210567,0.84803283,0.086467914
0.8358738,0.026411716,0.8241176,0.084521756
0.79970217,0.024892317,0.8525938,0.08879986
0.8034416,0.026114026,0.8465941,0.08845718
0.8118228,0.025977144,0.8422702,0.089123815
0.8253747,0.026613414,0.8330565,0.08722539
0.8328223,0.02893399,0.8157493,0.0855247
0.8223461,0.029290268,0.8199965,0.08690929
0.80790997,0.025625657,0.8438324,0.08827999
0.8167709,0.027058925,0.83778095,0.08846737
0.8191817,0.026746951,0.83553857,0.0876491
0.8162723,0.024836728,0.8486257,0.08819296
0.8212258,0.026314298,0.83622295,0.086843766
0.8080158,0.026746804,0.8411631,0.08910877
0.81809014,0.028392907,0.8317465,0.088988945
0.82151836,0.028590035,0.83117485,0.0896407
0.8234015,0.0259935,0.8380604,0.0880915
0.8048828,0.023215665,0.8619382,0.08934542
0.7981469,0.025767583,0.8479792,0.08800759
0.8152864,0.026927458,0.83780116,0.08729621
0.82615554,0.029316971,0.8133387,0.08517263
0.8163578,0.026068471,0.83282,0.08565026
0.8141119,0.024765017,0.845662,0.08749122
0.80863416,0.025913361,0.84523666,0.09005145
0.8118158,0.026079008,0.839732,0.08679995
0.8202094,0.027212126,0.82984185,0.086808264
0.8130343,0.026434634,0.8363427,0.08725705
0.8072841,0.024151634,0.8507998,0.08817593
0.82202524,0.026524287,0.8375099,0.08879287
0.81665707,0.027824745,0.82992005,0.08672029
0.81565875,0.027127642,0.8359637,0.08857183
0.8157147,0.02590918,0.83950156,0.08879443
0.82833815,0.026533395,0.8265965,0.08540008
0.8084049,0.025783304,0.84861743,0.089711316
0.80965155,0.026216796,0.83812463,0.08792387
0.82353795,0.026300963,0.83409506,0.086300105
0.80601346,0.024618102,0.85721713,0.091496095
0.81186014,0.027024027,0.8371123,0.08588773
0.79283863,0.024896365,0.8569413,0.09106649
0.81815106,0.024651881,0.84703624,0.08677634
0.80860966,0.029893266,0.818795,0.08582372
0.810521,0.030184852,0.82442373,0.08824554
0.8209415,0.026875027,0.8289209,0.0858377
0.81490785,0.028323531,0.83179677,0.08804474
0.808786,0.027045788,0.8424463,0.0908186
0.83492935,0.028957386,0.8095088,0.08344503
0.81308347,0.027083479,0.83435136,0.08685789
0.82521975,0.026981633,0.82765394,0.08700407
0.8303724,0.02924708,0.8153287,0.0856161
0.81742066,0.027299007,0.8341457,0.087750845
0.8025528,0.024862163,0.8551743,0.090233505
0.83305717,0.027334671,0.8241015,0.086324595
0.83897,0.027770367,0.8112922,0.0830279
0.8110529,0.027017662,0.83990175,0.08876463
0.8198084,0.026846355,0.8382171,0.0883365
0.8215402,0.027467092,0.828226,0.08766438
0.8248719,0.028495003,0.82333726,0.08749387
0.8325676,0.029596247,0.8092679,0.083907485
0.83700603,0.029118162,0.8124309,0.08533222
0.8005893,0.028187195,0.8370175,0.08923317
0.8128332,0.027037825,0.83516943,0.08785292
0.83118796,0.027568674,0.82081693,0.085315
0.8156652,0.026669353,0.83889097,0.08945152
0.808261,0.026259828,0.84048975,0.08733335
0.8362464,0.030978732,0.8024716,0.08595783
0.8053242,0.026397305,0.83778894,0.087566935
0.8161976,0.025695113,0.8400368,0.08709221
0.82982254,0.02673093,0.82472676,0.084750526
0.82130873,0.029679216,0.816308,0.08661346
0.8247174,0.027858712,0.8247547,0.086621106
0.80338526,0.025052655,0.84890527,0.08931228
0.81486,0.027169378,0.8343754,0.087586455
0.8138678,0.028442075,0.82851356,0.0879224
0.8131496,0.023901463,0.8548328,0.08979615
0.82760966,0.026123323,0.833713,0.08675425
0.818656,0.029989157,0.81464714,0.086394414
0.80247045,0.025405645,0.8566896,0.091258146
0.8023456,0.025096206,0.8495928,0.08858628
0.8147019,0.025727578,0.8412907,0.0883396
0.82600075,0.028176997,0.8130926,0.082656085
0.8023429,0.024700264,0.8516107,0.088735454
0.81405735,0.026400188,0.8442538,0.08937603
0.8264365,0.027890898,0.8262608,0.0867542
0.8221334,0.02742832,0.8302909,0.08822888
0.8118447,0.027164811,0.8355098,0.08881254
0.81113154,0.024804642,0.85032314,0.08932806
0.8127015,0.026093438,0.84418935,0.090104
0.8157841,0.026734723,0.83370924,0.08794739
0.8177245,0.026732912,0.8341913,0.088214956
0.8082878,0.026828572,0.8451979,0.08990791
0.825622,0.030389009,0.81727207,0.086179845
0.8242443,0.028652487,0.82365906,0.08692133
0.8087421,0.025972722,0.8459589,0.09049184
0.8045148,0.02564837,0.8497439,0.08945741
0.84425026,0.029505761,0.80392855,0.08465331
0.82107204,0.028342074,0.829509,0.087574884
0.8208596,0.026128996,0.83430064,0.086655766
0.7994708,0.02532932,0.85129344,0.089653485
0.82763696,0.026397072,0.8320367,0.086954944
0.80650026,0.025951337,0.85338616,0.0910374
0.8102838,0.027009193,0.8366012,0.088916056
0.83099014,0.02821037,0.822778,0.08697632
0.81785446,0.028568517,0.8257786,0.087857485
0.8086664,0.027015962,0.8402543,0.089318566
0.8179533,0.025882576,0.8357365,0.08698893
0.8068068,0.029937986,0.8194192,0.08571841
0.82031953,0.027143247,0.8326888,0.08853442
0.81064796,0.025861751,0.8450778,0.08833014
0.821131,0.026095254,0.8364455,0.08824691
0.81308424,0.026153285,0.8432484,0.08953721
0.82051086,0.028229956,0.8276139,0.0877656
0.81278163,0.026327187,0.8402716,0.087543845
0.8176229,0.027616125,0.83031183,0.08724584
0.82634616,0.026617836,0.8247385,0.08286015
0.8181455,0.02576176,0.84070367,0.088791855
0.8244976,0.028193817,0.82479346,0.086533375
0.8230626,0.027295746,0.8246055,0.08533967
0.8139642,0.02919572,0.8301853,0.08925877
0.8188753,0.028793998,0.8212599,0.085928656
0.8182858,0.029092085,0.81966877,0.086098
0.81928086,0.028206496,0.8258906,0.08699518
0.8267318,0.026707724,0.83067626,0.087466106
0.80872667,0.028225541,0.8307647,0.08867664
0.8217505,0.026731351,0.83234036,0.086291835
0.8254312,0.026527146,0.8314298,0.086543545
0.8119205,0.028010022,0.83337104,0.087920725
0.82360464,0.0284618,0.8221689,0.0864071
0.8257278,0.0308839,0.8076412,0.085115425
0.81904155,0.02845872,0.8234047,0.08756622
0.8430571,0.03230196,0.79439044,0.08353998
0.814963,0.027939755,0.82961446,0.08785302
0.82043517,0.027882867,0.8306269,0.08847161
0.81236196,0.027475338,0.8341561,0.087452136
0.82543814,0.026664961,0.8288027,0.08731256
0.82064784,0.02745676,0.82679,0.08685429
0.8141255,0.02788016,0.8345198,0.088819735
0.8322621,0.02742983,0.8221627,0.08635115
0.8136018,0.0265184,0.8397215,0.08803183
0.8204633,0.027672622,0.82750285,0.08739846
0.81504756,0.02773873,0.8374693,0.089735515
0.8052117,0.025864674,0.8448274,0.08896243
0.80705506,0.02804279,0.83394706,0.08790394
0.82549673,0.027453985,0.8220724,0.08544393
0.8184026,0.028308023,0.82417357,0.08683977
0.802907,0.026357673,0.8443507,0.0890925
0.8068259,0.02852825,0.83280134,0.08905939
0.8159518,0.026457863,0.83875084,0.086256765
0.8280065,0.026868543,0.83078355,0.08653511
0.80249697,0.024945192,0.8552688,0.09140912
0.8272056,0.029285185,0.8173185,0.08592325
0.8113278,0.025491245,0.8495551,0.08946385
0.81913304,0.02668143,0.8336783,0.0861991
0.8230803,0.028317615,0.83189297,0.08891915
0.8222998,0.02731486,0.82603866,0.08603076
0.80521566,0.02428751,0.85326344,0.08878974
0.8088447,0.026885223,0.8373677,0.0873623
0.814308,0.026596174,0.83627117,0.08791345
0.81296635,0.024791908,0.85000706,0.089632004
0.8342198,0.026758356,0.82444876,0.0856001
0.8192218,0.02884487,0.82105136,0.086373754
0.81569284,0.026221583,0.8391344,0.087165564
0.812283,0.02559625,0.8444667,0.088520996
0.8231047,0.02940429,0.8118628,0.08382818
0.80934435,0.025988773,0.8442219,0.089934446
0.824608,0.026256297,0.83430004,0.08724753
0.8241753,0.027844641,0.82850885,0.08692435
0.8260903,0.0262447,0.83748215,0.08815024
0.8167895,0.029212048,0.83125985,0.08928777
0.8147479,0.028383756,0.8263947,0.087873764
0.83165896,0.028483761,0.82007223,0.08563866
0.8263908,0.026260924,0.83176476,0.0868568
0.82596874,0.027452298,0.82488793,0.085272536
0.82576203,0.02767009,0.81830096,0.08507834
0.8124812,0.025835972,0.84207064,0.08876296
0.81495345,0.028555844,0.82749015,0.08763036
0.8173311,0.029311674,0.8233464,0.086049676
0.81898546,0.027107045,0.83378756,0.087691344
0.83724374,0.02916602,0.81795025,0.087221004
0.8228504,0.029070113,0.82594764,0.089223996
0.80482984,0.025885057,0.8505785,0.088917136
0.8153497,0.030426186,0.8143084,0.08600642
0.82850873,0.028111935,0.8241653,0.08672687
0.80824625,0.02564102,0.8543833,0.09187376
0.8178561,0.027642658,0.83371794,0.08935707
0.8103739,0.027527446,0.8354776,0.08720888
0.8148552,0.026886312,0.8385431,0.08800715
0.81960684,0.028606666,0.8283794,0.088506624
0.826484,0.027919127,0.8209046,0.08500228
0.81247044,0.026410608,0.84382075,0.09001674
0.8175296,0.029588802,0.8202621,0.08620308
0.8297769,0.028860444,0.81636274,0.08547881
0.8179146,0.029876307,0.82166564,0.086859696
0.80533,0.02689997,0.84127593,0.08834918
0.8279012,0.026831957,0.82653064,0.08583463
0.8262565,0.02961577,0.8195148,0.08725801
0.82554543,0.027328586,0.82669294,0.08608021
0.81653094,0.028271757,0.8280272,0.088607594
0.81557953,0.025371585,0.8453488,0.08740578
0.8137456,0.025884291,0.84376395,0.08834355
0.81838685,0.026770206,0.83447903,0.08697006
0.82154566,0.025293889,0.8362587,0.08658171
0.80535364,0.02605661,0.84646946,0.0896248
0.82440233,0.027597727,0.8264187,0.086904064
0.8311241,0.029693443,0.8070967,0.0840689
0.81019235,0.025975056,0.8452771,0.0901841
0.80805856,0.02528335,0.8475782,0.08985909
0.8255901,0.027324304,0.827864,0.08664494
0.82793933,0.028965328,0.81489307,0.08577338
0.82562673,0.029557575,0.8166865,0.08656854
0.8163288,0.027186349,0.83442104,0.089027315
0.825597,0.026376694,0.8343462,0.08690789
0.81504035,0.02649155,0.83579856,0.08761066
0.82534367,0.026643354,0.83226734,0.087007575
0.8286081,0.030083742,0.81012976,0.086284816
0.8083555,0.02482032,0.8517918,0.08949877
0.8228732,0.027184462,0.82554686,0.08598198
0.8218408,0.026198262,0.8290039,0.08403555
0.8050613,0.026286568,0.8436695,0.089050755
0.8026223,0.026913704,0.845513,0.08990744
0.8155224,0.029071104,0.82206285,0.08711846
0.8113763,0.025748547,0.8425532,0.08803303
0.8256548,0.028457757,0.82107246,0.08571156
0.81902933,0.028765988,0.8220183,0.08631134
0.8223748,0.027755348,0.8278795,0.08709034
0.8237947,0.027608277,0.82771087,0.08707984
0.81489915,0.025958905,0.84042084,0.08929593
0.8266656,0.029079229,0.8219977,0.08670559
0.8125606,0.026256992,0.840482,0.08865
0.81482196,0.02884474,0.8333787,0.09025908
0.8337727,0.026637688,0.8193193,0.08291283
0.82285804,0.027696952,0.82653946,0.08656057
0.8355681,0.030251976,0.8054635,0.08331716
0.8042264,0.025562543,0.8517445,0.091218494
0.8275946,0.027509272,0.8220841,0.08628342
0.81070435,0.026362807,0.84025323,0.088177525
0.8133163,0.024921652,0.84547246,0.08743029
0.8119821,0.027695136,0.8335704,0.087797746
0.8097905,0.025806047,0.8495631,0.090833366
0.8069256,0.025087047,0.85304236,0.09011227
0.80167687,0.025400424,0.84969443,0.08918903
0.834403,0.026564538,0.826851,0.08644745
0.814917,0.027778631,0.8325853,0.087842025
0.8029231,0.025922958,0.84709185,0.08813835
0.8138869,0.026537476,0.8356853,0.087355256
0.8268479,0.0284197,0.81604725,0.08383784
0.824035,0.027599787,0.82837147,0.08665818
0.8187211,0.030046448,0.81912374,0.08603226
0.806409,0.027922815,0.83457786,0.08880263
0.80389714,0.02730128,0.8444319,0.08888831
0.81047213,0.026322054,0.8416099,0.088623144
0.83099586,0.02863691,0.81846213,0.086407244
0.81421846,0.026689708,0.83663285,0.08783024
0.8229722,0.02666137,0.8310579,0.085522294
0.8038429,0.027691102,0.84191144,0.08851868
0.80625206,0.025133038,0.8469114,0.0888151
0.8234689,0.028798178,0.8187646,0.08616569
0.8229113,0.026414668,0.83678013,0.087842904
0.81815916,0.026066687,0.8406545,0.08876042
0.8155226,0.028117351,0.82892317,0.08744826
0.8136896,0.026118584,0.8453894,0.08961877
0.800718,0.02679797,0.8443179,0.089924045
0.8308894,0.027778009,0.8210696,0.0863013
0.83207977,0.028703118,0.8193344,0.0862436
0.8400095,0.028559133,0.81177247,0.083423205
0.81731546,0.026708722,0.83145934,0.08658724
0.8115172,0.026568186,0.8430611,0.08932879
0.802519,0.026238857,0.843705,0.08914775
0.8273429,0.029086266,0.81820947,0.086362
0.8214213,0.028684039,0.82628566,0.087405466
0.83177245,0.025083352,0.8380468,0.08796038
0.8222058,0.027184755,0.8321522,0.086751126
0.8129638,0.026666455,0.8429541,0.0901445
0.8210745,0.027729215,0.8263655,0.08749931
0.8283065,0.027181223,0.82749534,0.08514203
0.81175023,0.026194602,0.8364617,0.0872898
0.8216946,0.02790347,0.8297602,0.08744469
0.8248604,0.02887213,0.81951755,0.08624718
0.8177808,0.027721414,0.82644457,0.086113006
0.81549364,0.027064998,0.8326935,0.08789828
0.84035826,0.028467705,0.8080833,0.08245129
0.8208714,0.02733385,0.83046466,0.08757449
0.8118135,0.027117826,0.8444794,0.09058351
0.7994865,0.027865753,0.8427292,0.09050008
0.816521,0.025884414,0.83993727,0.08836877
0.8141377,0.026309354,0.8383355,0.08839981
0.82660913,0.027163038,0.826984,0.08695586
0.81676245,0.027455263,0.83348095,0.08779328
0.82256866,0.027021147,0.83591366,0.08839798
0.8204311,0.027585478,0.83044857,0.088056244
0.8096833,0.025864933,0.8440962,0.087734595
0.81934524,0.02721217,0.8288222,0.08731965
0.8193893,0.026024442,0.8302939,0.08392335
0.8254043,0.024831448,0.83957714,0.087323755
0.8089131,0.0279894,0.83094174,0.08679343
0.823175,0.027517367,0.8261011,0.08618981
0.811685,0.025830232,0.8424853,0.08871794
0.82771546,0.027741818,0.8281523,0.08781964
0.8130838,0.02755672,0.83129466,0.08629887
0.80961746,0.028063517,0.8356022,0.08973911
0.8076322,0.024895523,0.8528358,0.09040463
0.8176615,0.027132079,0.8300317,0.08625228
0.8041134,0.025792109,0.8491915,0.08892195
0.8188072,0.029329248,0.81858635,0.08682603
0.8239297,0.027627293,0.82274234,0.08552287
0.8043275,0.025633296,0.8468729,0.08827509
0.8225336,0.026395587,0.8332303,0.08700154
0.8293784,0.026903035,0.8282777,0.08602153
0.82050884,0.026175536,0.83890855,0.08842348
0.81339747,0.027743526,0.8307683,0.08738713
0.8187335,0.027531188,0.8292072,0.08609889
0.8232153,0.02715095,0.8289346,0.08745904
0.82958984,0.027410433,0.825401,0.086536385
0.8129789,0.028527094,0.82699746,0.08745137
0.8080103,0.025708368,0.8451529,0.08859697
0.83931625,0.028727585,0.8121699,0.085668825
0.80633485,0.024415188,0.8575614,0.09054208
0.823036,0.028606467,0.8226845,0.08752504
0.833177,0.027640108,0.82048476,0.084637545
0.82521045,0.030129697,0.8158249,0.0865151
0.8215671,0.0267973,0.83006877,0.08651343
0.80482703,0.02704061,0.8407062,0.0886819
0.81844854,0.027191399,0.8356685,0.090105504
0.824427,0.02839229,0.820697,0.08524131
0.80347615,0.025823262,0.84642714,0.088727094
0.81478685,0.027041623,0.83913064,0.08902954
0.83175725,0.027855158,0.8155613,0.083958015
0.8062644,0.027535466,0.83986366,0.08925276
0.8319173,0.02812071,0.8209406,0.087110944
0.80874133,0.026891697,0.84314895,0.08885695
0.82920456,0.030731782,0.80597454,0.08433693
0.8082152,0.027010797,0.84204936,0.090617426
0.8185048,0.027003005,0.83814627,0.0891534
0.8223106,0.02616188,0.8338307,0.08670921
0.8074676,0.028801626,0.8332739,0.089717284
0.82736075,0.025789876,0.8365698,0.087054305
0.8272594,0.030549204,0.81328046,0.086683474
0.8066056,0.028870815,0.83001393,0.08783298
0.816511,0.026851501,0.83905333,0.088340186
0.811569,0.026471946,0.83697957,0.08692247
0.82008064,0.028687991,0.82367474,0.08685582
0.8183702,0.025720702,0.84172314,0.08839686
0.7958528,0.024279475,0.86561674,0.09379329
0.8235241,0.031220049,0.8071134,0.085199475
0.81950057,0.0247045,0.84395736,0.08734354
0.7974671,0.024380326,0.8562162,0.09037039
0.8268083,0.027904414,0.8323421,0.08871322
0.81187147,0.029714392,0.81869626,0.08512906
0.802822,0.024935976,0.8622688,0.09270014
0.8012179,0.025383929,0.8520489,0.089832015
0.83285725,0.02722876,0.82373077,0.08619221
0.8081878,0.027658796,0.83333594,0.0880764
0.8269296,0.02561741,0.8392593,0.08800774
0.82316375,0.028512087,0.81964916,0.085805126
0.8233502,0.02899221,0.8250536,0.0880826
0.81099236,0.026158286,0.84243566,0.08819889
0.82544684,0.027420087,0.8274183,0.08746198
0.8388734,0.03081663,0.806505,0.08555201
0.81762385,0.028328279,0.8291084,0.08798886
0.81268436,0.026724553,0.8343695,0.086851306
0.8141958,0.026625764,0.8375337,0.08903188
0.82418436,0.027597748,0.82629734,0.087105006
0.79223496,0.023510743,0.8656529,0.09119262
0.8160327,0.02519648,0.8414031,0.08699654
0.839711,0.029586101,0.80688334,0.08523645
0.81909007,0.026452854,0.83711815,0.087887675
0.8334165,0.02673051,0.82782745,0.08701748
0.81268495,0.027057655,0.8332433,0.08571667
0.8112274,0.025763039,0.84184617,0.08849399
0.8218694,0.027015705,0.8285731,0.08649305
0.8082203,0.025732726,0.8485676,0.09073283
0.8144714,0.026378896,0.8429099,0.08951726
0.8257635,0.02534737,0.83266926,0.08612888
0.8184117,0.027336711,0.8278946,0.085368566
0.8335158,0.029238045,0.8195066,0.087243676
0.81075954,0.025498727,0.8489052,0.089932986
0.81585383,0.027135406,0.8289501,0.08544307
0.80534476,0.027100937,0.8370458,0.086797506
0.8028211,0.02415956,0.85627174,0.08930102
0.80891293,0.026073681,0.8417721,0.087811604
0.81093687,0.028273273,0.83212036,0.08824794
0.8044002,0.024875913,0.8467914,0.08727028
0.82554615,0.026870176,0.8302938,0.087490655
0.80805725,0.026371488,0.8434301,0.08849842
0.8127387,0.027438208,0.83539224,0.088554755
0.82580763,0.026723208,0.82462084,0.08498082
0.81762904,0.029432438,0.81496197,0.08545768
0.8068365,0.027983595,0.8378028,0.0891054
0.81272227,0.02805642,0.83431685,0.08944297
0.8138567,0.027739517,0.8366833,0.09005728
0.8014967,0.025852546,0.8511831,0.08975828
0.8238591,0.02704896,0.83328146,0.08890298
0.8151065,0.026778867,0.8385738,0.088253394
0.81750065,0.026979323,0.8378953,0.08910829
0.8111931,0.025723929,0.8440598,0.0895122
0.8214093,0.026148466,0.8356859,0.08689116
0.8211745,0.029313393,0.8262547,0.08886977
0.8185083,0.026576757,0.8392,0.088454984
0.80866915,0.027682474,0.83552873,0.08815115
0.7965747,0.026151327,0.85035944,0.088794455
0.8176913,0.026782488,0.8360686,0.08813461
0.8262081,0.028387586,0.8182461,0.0848643
0.8179404,0.026658121,0.84010434,0.08929452
0.8073831,0.027058197,0.8392233,0.08921066
0.8252078,0.028840965,0.8186178,0.085474476
0.82130975,0.02564099,0.8390521,0.088595234
0.83742875,0.02682716,0.8214777,0.08579322
0.823965,0.02795876,0.8268418,0.0864641
0.8235346,0.03033487,0.8109428,0.084732465
0.82000786,0.026436191,0.8334997,0.08708908
0.82065773,0.02861479,0.82784444,0.088796996
0.8274015,0.027488621,0.82647467,0.08658095
0.7962421,0.024444297,0.8596567,0.0903611
0.8175046,0.028173637,0.82909346,0.08824024
0.8365487,0.029270833,0.81500244,0.085546605
0.819947,0.026750477,0.8359776,0.08804743
0.8226945,0.026305785,0.83138126,0.08563694
0.8058919,0.025717478,0.8496721,0.09024693
0.8207935,0.025572771,0.837473,0.08694201
0.81940717,0.027229765,0.8304864,0.08761467
0.80818874,0.027206605,0.8414725,0.08898574
0.80426735,0.026375085,0.84368056,0.08992641
0.81139976,0.025529057,0.84838164,0.09025474
0.8119828,0.025186647,0.8537266,0.09096422
0.819882,0.027039373,0.82966757,0.08575195
0.826292,0.029763592,0.81878066,0.087312326
0.83913964,0.026249418,0.82976866,0.087298565
0.8057727,0.024395566,0.8534234,0.08952171
0.820267,0.027967954,0.8305978,0.088691965
0.8336521,0.028718479,0.81411004,0.08407279
0.81661576,0.02618206,0.8379396,0.08706246
0.82346463,0.026987296,0.8319392,0.08750877
0.8227111,0.026937867,0.82963383,0.0864967
0.83041644,0.026606841,0.8286537,0.08667103
0.83743525,0.029906275,0.8108335,0.08374189
0.8189682,0.027668215,0.832294,0.087816566
0.8102975,0.028941456,0.82680815,0.08674306
0.8150073,0.027702585,0.831715,0.086904295
0.81863695,0.027617138,0.83039105,0.08733929
0.82908684,0.027719313,0.8229712,0.08563394
0.8329351,0.025647355,0.833425,0.087435834
0.81143034,0.02812771,0.82891285,0.08555548
0.81308,0.024754673,0.8499891,0.08815348
0.8196149,0.026983736,0.83263564,0.08709327
0.81586564,0.027610192,0.83005106,0.08713886
0.8228471,0.026423763,0.8338201,0.08703293
0.8237763,0.027927488,0.82444525,0.08770828
0.8150059,0.025798092,0.83693296,0.08731461
0.82109267,0.025560709,0.8384348,0.08636062
0.8069637,0.026203966,0.8421565,0.08896275
0.8195433,0.027894042,0.82726157,0.08684615
0.8041229,0.025489142,0.8501455,0.089120165
0.8265783,0.025055714,0.8358148,0.08639997
0.82162297,0.025627648,0.837688,0.0879441
0.8120337,0.025926666,0.836975,0.0867444
0.82792264,0.026475096,0.8346813,0.08887276
0.8352325,0.026041524,0.82908976,0.08564911
0.81224185,0.026644543,0.8413248,0.08882169
0.8230449,0.026625872,0.82784706,0.08668296
0.8274147,0.0277351,0.8240359,0.08747597
0.82361406,0.027665742,0.8288825,0.08624169
0.8030385,0.024369605,0.85942805,0.09108864
0.8193692,0.027597912,0.82992625,0.08658414
0.81457174,0.026995454,0.8350097,0.08748394
0.82426745,0.028032804,0.8224238,0.0850294
0.8195807,0.028672086,0.82333446,0.08695542
0.8034514,0.025209596,0.8530875,0.09022776
0.8088796,0.02445893,0.8534159,0.08990673
0.8111513,0.028222688,0.8275276,0.08692276
0.81388223,0.026757685,0.84168106,0.08991607
0.8146081,0.026809385,0.83286333,0.08654908
0.799007,0.026662538,0.84551847,0.0893027
0.8079077,0.025938563,0.8463916,0.08906545
0.8118217,0.02662631,0.8463546,0.08966975
0.8140388,0.027477795,0.8316979,0.08765899
0.8112433,0.027143227,0.83946604,0.08986237
0.8165637,0.02655573,0.83551633,0.087965116
0.8107159,0.02905951,0.8258156,0.087329544
0.83804816,0.029522015,0.8068277,0.08400547
0.81001437,0.025057321,0.8530047,0.089620546
0.81902367,0.027843472,0.8305647,0.08870593
0.81506634,0.028042676,0.828464,0.08578663
0.81487167,0.027090395,0.83180624,0.086704224
0.8226027,0.027605677,0.824831,0.08442229
0.83164114,0.02864324,0.8177312,0.08659277
0.804537,0.026930405,0.8411723,0.08956322
0.81795466,0.027883995,0.82629406,0.08754009
0.8208136,0.026461167,0.8359073,0.086327784
0.8069922,0.02572834,0.8416687,0.08761022
0.8132852,0.025304005,0.8417999,0.08700088
0.8063212,0.024495509,0.85527205,0.09030041
0.8240636,0.025120636,0.83706164,0.08685458
0.7986027,0.025101904,0.8521562,0.08851802
0.79858565,0.023651894,0.86175114,0.0899093
0.8075135,0.0250403,0.84947747,0.089335896
0.82933074,0.026901348,0.8264611,0.08582616
0.82188505,0.02900538,0.81949514,0.08566181
0.80812556,0.025840309,0.84069353,0.08763759
0.8252918,0.027518587,0.82496184,0.08679082
0.8150584,0.02736684,0.83154815,0.08730853
0.79681325,0.025711121,0.8549957,0.091613665
0.8312804,0.026955979,0.8253276,0.08449688
0.80331,0.026299106,0.8430495,0.08851986
0.8238574,0.027492441,0.83243936,0.088630304
0.8325321,0.02902857,0.81813484,0.0866172
0.8111825,0.02752247,0.8364287,0.08813497
0.80340934,0.02719217,0.840845,0.08791758
0.80597323,0.02748098,0.8364083,0.08827185
0.8084599,0.024555948,0.85535425,0.08998867
0.820119,0.027703615,0.8308397,0.08752329
0.8102863,0.027009612,0.83873636,0.08881366
0.82872844,0.029595561,0.81212354,0.084519565
0.8076793,0.026247285,0.84165645,0.0883171
0.819884,0.026071325,0.8384276,0.08829969
0.8161363,0.025908198,0.8429378,0.08882795
0.8135303,0.028215066,0.83119684,0.0870487
0.81579125,0.028080303,0.83043754,0.08805801
0.8229647,0.026725546,0.83121616,0.08708582
0.8103896,0.026324488,0.84685785,0.08976866
0.8170567,0.028231941,0.82804203,0.088006526
0.80529267,0.025081385,0.8476797,0.08830933
0.81797135,0.02501299,0.8428951,0.088809446
0.802106,0.026048852,0.847416,0.08920275
0.8341588,0.02838563,0.8163966,0.08654309
0.8380596,0.028372064,0.8175769,0.08459506
0.794465,0.026471825,0.8463351,0.088397324
0.80472696,0.026367722,0.8472889,0.09051831
0.8337042,0.029255401,0.81357896,0.08555719
0.80225694,0.025390102,0.85799074,0.09130309
0.8075246,0.027130475,0.8401975,0.08793806
0.82104164,0.025586823,0.8416243,0.0882003
0.81549644,0.027486635,0.82666326,0.085842445
0.8020361,0.028256582,0.834966,0.08807701
0.8230256,0.025379263,0.84195215,0.08836774
0.8263936,0.02813058,0.8233757,0.086583175
0.80045265,0.02535862,0.85393214,0.090878464
0.8260137,0.028399033,0.8182016,0.085013166
0.82109356,0.027835155,0.8227221,0.08531821
0.82681954,0.026161049,0.83058506,0.08592527
0.84057695,0.027356844,0.8165829,0.0842793
0.8193929,0.028037127,0.8282814,0.08720974
0.8309989,0.029457318,0.80968016,0.08478185
0.812749,0.024915058,0.8447305,0.08710353
0.8126648,0.025305253,0.8480694,0.08910984
0.8100343,0.026101265,0.84254295,0.08802165
0.8124852,0.024802301,0.8483087,0.089295164
0.8240513,0.027881138,0.8219872,0.08555291
0.80802035,0.026427167,0.8376205,0.08750929
0.8082592,0.027003063,0.8440099,0.08989637
0.82102525,0.029073827,0.81852585,0.08602141
0.814958,0.027125126,0.83205664,0.0869017
0.81194085,0.028268117,0.83379406,0.08861505
0.81213355,0.028673876,0.8257281,0.088325866
0.82515967,0.026537912,0.83302337,0.08740359
0.8176877,0.027302705,0.8353898,0.08768081
0.82520974,0.026806604,0.83344537,0.08789371
0.8120826,0.027986879,0.8345734,0.08925951
0.81031865,0.02506001,0.84365296,0.08728553
0.8044834,0.023000475,0.86546236,0.09130339
0.83138824,0.026518768,0.83119047,0.085925296
0.8167754,0.027347181,0.8330749,0.08766812
0.81324315,0.025072888,0.8450771,0.08812228
0.82760674,0.0258484,0.8361796,0.08589586
0.8192894,0.024991006,0.84116364,0.08823006
0.80642444,0.027198037,0.8361055,0.08908685
0.81843495,0.02851888,0.82301736,0.085188635
0.8238965,0.02862871,0.8251787,0.08739461
0.817765,0.026673876,0.84122753,0.0904696
0.80534506,0.026763441,0.843157,0.08892761
0.8090899,0.024556229,0.8495578,0.08799843
0.8194,0.027689576,0.8320331,0.08799236
0.8190763,0.02713737,0.8311079,0.087179944
0.81243116,0.029347323,0.8225174,0.087156445
0.8113024,0.027674126,0.8292965,0.087386884
0.82053864,0.026795255,0.8331767,0.088721044
0.8413698,0.029856099,0.8036869,0.083931096
0.82893413,0.029335367,0.81772393,0.08640372
0.8279598,0.02898416,0.81922823,0.08654577
0.82686967,0.028278418,0.8207587,0.08592732
0.80227876,0.025199236,0.85468644,0.08952677
0.82989264,0.027035099,0.82997066,0.086757764
0.8137179,0.025235219,0.845739,0.088674605
0.8170879,0.025527084,0.844274,0.08840238
0.8233132,0.027141655,0.8270149,0.08557816
0.8254699,0.027072052,0.82788205,0.085194215
0.8122969,0.02712849,0.8349235,0.08769101
0.81218,0.027917776,0.8302742,0.08832001
0.7955494,0.025404857,0.85869855,0.09157553
0.8081049,0.027556865,0.8346325,0.088382766
0.83400923,0.031221619,0.80283815,0.08363081
0.84322715,0.027038231,0.8169366,0.08308293
0.81308097,0.02572742,0.84200054,0.08710592
0.8115781,0.027491432,0.83179903,0.08741182
0.8264914,0.028031293,0.82369685,0.08573085
0.8143741,0.026618218,0.8422956,0.08910387
0.8304586,0.027486851,0.8254341,0.08749727
0.8187672,0.025228916,0.84676874,0.08926917
0.8113825,0.029310785,0.8268283,0.088780165
0.8026501,0.025570277,0.8489393,0.08995926
0.8239927,0.026471997,0.83224595,0.08682011
0.82901907,0.027400019,0.81890154,0.084157236
0.8137917,0.026258707,0.8420266,0.088628866
0.81677395,0.027478274,0.8361846,0.08983991
0.8207344,0.027418341,0.8267197,0.08732923
0.8033444,0.026381683,0.846084,0.088653386
0.8189175,0.025586445,0.8372848,0.08564211
0.81086904,0.024628254,0.8493652,0.08817629
0.8116681,0.027245065,0.8395875,0.08850901
0.8095325,0.028108202,0.837127,0.09042664
0.8227751,0.02716199,0.8249673,0.085713215
0.81649584,0.028780997,0.82296664,0.08582757
0.81461143,0.025658334,0.836506,0.086296156
0.8223962,0.027321426,0.8308087,0.08771025
0.813033,0.02678763,0.8369789,0.0871982
0.8133386,0.024772162,0.8491481,0.09010475
0.82383835,0.028458618,0.82549936,0.08872509
0.81423014,0.027212638,0.82917786,0.08728171
0.8111668,0.026011342,0.840177,0.088353835
0.82426655,0.025890809,0.8362463,0.088150516
0.8191867,0.026349554,0.83746547,0.089248575
0.8300918,0.028809626,0.81614476,0.08488561
0.8007081,0.025419412,0.850463,0.08911634
0.8143551,0.028066475,0.83212066,0.08839233
0.8351051,0.029499944,0.8069167,0.0847364
0.81244844,0.027088568,0.8309052,0.08751298
0.82061255,0.027876226,0.82569677,0.08636943
0.8157577,0.027641663,0.8347723,0.089902736
0.8239025,0.0269116,0.8357829,0.08861685
0.80335164,0.027369462,0.8409657,0.088868394
0.8253708,0.027553966,0.8284736,0.08726606
0.81437373,0.027577233,0.82941586,0.08747908
0.8238271,0.027970549,0.8252828,0.08829258
0.81810343,0.026137015,0.8416858,0.08924891
0.82154137,0.028681725,0.82704365,0.08792077
0.82208747,0.029768871,0.8160269,0.085688636
0.82281935,0.028068904,0.82440436,0.087305665
0.83950406,0.030683134,0.8076176,0.08581396
0.8277943,0.028734408,0.82277703,0.0872795
0.83423674,0.03090236,0.8061608,0.08398454
0.83587635,0.02823464,0.81484395,0.08491431
0.82027566,0.027721964,0.82327765,0.08523983
0.82369226,0.027941369,0.8244285,0.086682625
0.83329725,0.025749898,0.8315021,0.08648429
0.81633127,0.027665067,0.8315291,0.08744105
0.81793875,0.027488895,0.82887965,0.08754255
0.8175804,0.029659892,0.81988615,0.08718192
0.8291682,0.029724637,0.81575716,0.08513539
0.8186144,0.0260678,0.83619034,0.088676825
0.7981366,0.026830811,0.84186006,0.08851777
0.8136631,0.027189849,0.83182466,0.0858623
0.8081152,0.0286251,0.8309696,0.087074235
0.8302823,0.028848117,0.821758,0.08610792
0.8253028,0.026139932,0.8327347,0.085995734
0.8243901,0.029648663,0.82166016,0.08699161
0.8260128,0.026062356,0.83567584,0.087418385
0.8121178,0.02657333,0.8410771,0.08868721
0.81503946,0.026744649,0.835713,0.08750367
0.81329006,0.02644641,0.83925295,0.0872349
0.82257223,0.026340786,0.83249176,0.08644951
0.81615746,0.027302776,0.83087647,0.08651087
0.8149726,0.028534556,0.825763,0.08667812
0.8148017,0.028395215,0.8281857,0.08745916
0.8183737,0.027107561,0.8292738,0.08768271
0.82277906,0.027758425,0.8280649,0.0867757
0.809797,0.025557917,0.84703094,0.08799381
0.8127367,0.027693564,0.82979804,0.0872051
0.82541585,0.027338263,0.8274358,0.08688204
0.81431156,0.026656354,0.84024984,0.088054605
0.8238575,0.02686723,0.8257294,0.08687891
0.8184779,0.026967742,0.8315802,0.08663684
0.828735,0.028029202,0.8210094,0.08609137
0.826173,0.028357884,0.8267421,0.08713452
0.80622137,0.02685524,0.8450209,0.09146074
0.82043725,0.027220594,0.8270955,0.085384935
0.81379884,0.027414277,0.8331144,0.08753833
0.80045396,0.027192507,0.8431988,0.08999648
0.8146441,0.02555177,0.84236974,0.088294156
0.8085899,0.027101493,0.8367779,0.08803699
0.8236242,0.028859839,0.8204599,0.086825095
0.82812303,0.028928405,0.8175428,0.08507213
0.8181128,0.026986137,0.83265835,0.08752865
0.83134514,0.031116057,0.8070682,0.084688134
0.80980253,0.027242545,0.8409609,0.0889243
0.8216351,0.026232282,0.8376383,0.08758503
0.80530167,0.02530733,0.84682643,0.088718675
0.8287171,0.029900678,0.8136393,0.08639248
0.82490104,0.027656903,0.82535195,0.08646546
0.8122704,0.027251335,0.8339764,0.08812498
0.81452256,0.024363574,0.84433204,0.086694404
0.8236427,0.02841014,0.8220954,0.08616094
0.8193937,0.02623364,0.8420098,0.090439126
0.81894803,0.027644522,0.8293847,0.08814854
0.82892543,0.02925782,0.80971366,0.08359407
0.8281664,0.024692198,0.84684914,0.08922451
0.8233882,0.030234037,0.8119188,0.085595265
0.8058768,0.024711698,0.85181874,0.08916618
0.8408994,0.026818583,0.8207457,0.08418672
0.81626475,0.027997637,0.82453835,0.08535001
0.8182478,0.028509988,0.82386,0.08622878
0.81045073,0.026110314,0.84767354,0.089375734
0.81982166,0.02897155,0.82168907,0.087655246
0.8021226,0.02613825,0.8452738,0.088280916
0.8101966,0.026154345,0.84194607,0.088575274
0.8343779,0.027965633,0.81708133,0.08463688
0.8180683,0.028758999,0.8274889,0.0878182
0.82305443,0.028340938,0.8226725,0.08588499
0.8341345,0.027329478,0.81956947,0.08457933
0.81076515,0.02547068,0.8449169,0.08989965
0.8148273,0.028156957,0.8292164,0.08776298
0.8240568,0.026282001,0.8356654,0.088063404
0.8331725,0.03182592,0.7995321,0.08408388
0.8164558,0.026388967,0.8371246,0.087034926
0.8288166,0.02665755,0.82441664,0.084638275
0.8131155,0.027918229,0.82370526,0.08504832
0.82166225,0.029505093,0.8176967,0.08571877
0.8145993,0.02643338,0.8377028,0.0880473
0.8353146,0.028515827,0.8225855,0.0877724
0.8272216,0.027883105,0.8204862,0.08522392
0.81355196,0.029171472,0.8244314,0.08775169
0.82807356,0.026673665,0.83640957,0.08919607
0.8181689,0.02949334,0.82054067,0.0876229
0.8212684,0.025617197,0.84148973,0.08754831
0.83145106,0.026763722,0.82645816,0.08599709
0.8114066,0.024857955,0.846646,0.088304915
0.81784964,0.027413785,0.8332601,0.08736361
0.81546926,0.027381629,0.8304021,0.08695171
0.7975801,0.024376914,0.8585532,0.091306314
0.8027243,0.026664421,0.8436906,0.087809615
0.82259154,0.027278176,0.8274469,0.08649934
0.8237853,0.028564472,0.8245346,0.08842511
0.82844424,0.030457707,0.80586904,0.08420264
0.8244565,0.029031955,0.8180527,0.08656827
0.82183164,0.02875119,0.82033676,0.08568167
0.8133547,0.025420338,0.84925413,0.09056129
0.81304336,0.027165096,0.8323165,0.08692655
0.8058514,0.026167182,0.8467452,0.0890577
0.8103584,0.029195685,0.82540363,0.087376654
0.8348614,0.029348196,0.8151149,0.086630106
0.82696617,0.031033406,0.8057269,0.084491596
0.81889325,0.027338328,0.8373951,0.088997714
0.8209731,0.02589063,0.83528966,0.0868028
0.8097378,0.027302196,0.8397159,0.089631915
0.82501143,0.027298747,0.8261229,0.08621262
0.82286566,0.025884569,0.8370449,0.08777309
0.82415557,0.025890488,0.84115225,0.0892166
0.81752825,0.028388819,0.830991,0.087739736
0.81019926,0.02601172,0.844914,0.088056184
0.800442,0.026379256,0.84592783,0.08804029
0.82230675,0.02856804,0.81924087,0.0846231
0.810199,0.025573924,0.8509125,0.09020928
0.8180641,0.024861285,0.8473397,0.08783396
0.81658375,0.027898386,0.82501465,0.086907856
0.836258,0.02601817,0.825317,0.08395727
0.8299912,0.026876096,0.8254284,0.08652826
0.81500053,0.02849219,0.8239363,0.08603962
0.8133271,0.027164416,0.8321811,0.0866749
0.8157848,0.02487124,0.8498361,0.08875545
0.8190549,0.025930889,0.83294696,0.0860792
0.81652415,0.027560288,0.8334043,0.08880942
0.8238476,0.026102267,0.8322633,0.08664593
0.81284577,0.026813412,0.8384951,0.0889814
0.8192741,0.027186966,0.8291726,0.085034795
0.8161873,0.026960703,0.8308735,0.08743792
0.8169823,0.027962133,0.8267289,0.086899444
0.8246299,0.026909841,0.8304195,0.08666417
0.80964,0.02553881,0.8452127,0.08733812
0.8327172,0.02817664,0.81848943,0.08585074
0.82765454,0.024995303,0.8431829,0.088121794
0.8237624,0.02764627,0.8298698,0.088443875
0.82057685,0.026435586,0.8367923,0.08816479
0.8083672,0.025831372,0.8430657,0.088848285
0.80885136,0.026138056,0.84725124,0.09010127
0.8081009,0.026075745,0.84659624,0.09026537
0.813108,0.026590036,0.83728445,0.0877467
0.8117533,0.0280544,0.83351177,0.08875972
0.79132134,0.023454286,0.8743564,0.09265776
0.81777406,0.028963448,0.82740957,0.087976776
0.84922194,0.027666736,0.8124062,0.08379981
0.80864966,0.026183432,0.8419373,0.08839874
0.81095445,0.02960396,0.82214326,0.08671969
0.80684686,0.025977738,0.8491483,0.08980407
0.80841774,0.026396072,0.8427283,0.08851405
0.81149757,0.025887636,0.84420496,0.08860666
0.8165072,0.02451012,0.852344,0.08957678
0.81539524,0.027132403,0.8366514,0.08810373
0.8066963,0.02688494,0.83985513,0.08834044
0.8087447,0.026885068,0.84453845,0.090915866
0.83275664,0.026349919,0.8339292,0.08757762
0.8037921,0.024416037,0.8558483,0.08864193
0.82535976,0.026878633,0.82621306,0.08519499
0.818851,0.027567023,0.8342898,0.0885675
0.8320022,0.027736396,0.823683,0.084926054
0.82523245,0.027289618,0.82220304,0.084960505
0.8218619,0.027637571,0.8256897,0.08721111
0.82729894,0.026632609,0.8281637,0.08619427
0.7990938,0.026240839,0.8533912,0.09170903
0.81762165,0.02623579,0.8343982,0.08689486
0.8057973,0.02507186,0.8517449,0.08894445
0.8210648,0.028314356,0.8201465,0.08491047
0.8064697,0.026213739,0.8418757,0.088133074
0.8202611,0.028753802,0.8179752,0.08531526
0.8112776,0.025892772,0.8418807,0.08817959
0.8057978,0.024109976,0.8514774,0.0872155
0.82160836,0.028945168,0.82023555,0.08638908
0.80514276,0.026351698,0.8411798,0.08834785
0.818007,0.028365823,0.8249857,0.08560461
0.8126175,0.026328964,0.84022456,0.0891845
0.8142735,0.026355857,0.8397192,0.087258406
0.8177913,0.028194165,0.82399833,0.08655834
0.81036156,0.025798727,0.84322315,0.088470004
0.8108934,0.02673292,0.8373021,0.087764926
0.79925174,0.028215725,0.8391286,0.08886503
0.8203199,0.028055014,0.82827675,0.087541774
0.81165737,0.026613662,0.8401447,0.08918327
0.8117144,0.025367225,0.8426567,0.088063486
0.80458295,0.025366317,0.84970796,0.089073114
0.8251971,0.028883345,0.8168585,0.08636119
0.7997815,0.027709989,0.84430146,0.08945564
0.81515044,0.027951436,0.83158624,0.08864837
0.818575,0.030226225,0.8143958,0.085882366
0.8074211,0.0260218,0.8483264,0.090261176
0.8172999,0.027426815,0.830185,0.08622487
0.8228631,0.02758225,0.82576925,0.08695237
0.8154104,0.026151484,0.8361458,0.08768763
0.80429214,0.024577016,0.85371035,0.08952938
0.8277888,0.028200665,0.8162231,0.08472523
0.81030977,0.023864212,0.85700744,0.088884324
0.82602733,0.02667696,0.82919556,0.08626486
0.81040424,0.02507571,0.8464734,0.089414164
0.8236215,0.026076205,0.83191353,0.086757034
0.82478285,0.029038172,0.8185308,0.087141916
0.82295114,0.028420262,0.8190335,0.08507383
0.8296069,0.029889781,0.8093165,0.085184105
0.82349366,0.03122546,0.81476116,0.08672922
0.81855494,0.02604905,0.83560103,0.08676974
0.82277423,0.025758015,0.83101976,0.08571352
0.80749136,0.026055424,0.84815407,0.09131064
0.82469356,0.026436348,0.83195084,0.086919025
0.8073904,0.027932903,0.8374583,0.089523256
0.8321217,0.028522564,0.8170049,0.08507809
0.81183445,0.024583668,0.85699654,0.09160545
0.8199267,0.027545113,0.82903963,0.08761795
0.8252846,0.028083516,0.817817,0.08413884
0.81616277,0.023741342,0.85740376,0.08950767
0.8156913,0.026764667,0.8342983,0.088233784
0.8319179,0.027947437,0.8176119,0.08515277
0.8061492,0.027576923,0.83895785,0.08857458
0.82700366,0.027004711,0.8272487,0.08632768
0.8281727,0.028223388,0.82090557,0.08693767
0.8196495,0.027940102,0.8237368,0.08611892
0.8114095,0.026196733,0.8389358,0.087696195
0.819399,0.026257487,0.83293104,0.086448744
0.8235344,0.02679705,0.8303661,0.08682151
0.8048242,0.026317598,0.8433342,0.08884517
0.82498765,0.026535768,0.8347544,0.0878123
0.8322357,0.027416656,0.8255432,0.087627016
0.8141727,0.026202472,0.8340084,0.08724081
0.83715504,0.027843093,0.81782275,0.08496725
0.8109828,0.02577226,0.8485842,0.09025194
0.8194372,0.024652898,0.84375584,0.08836369
0.83241796,0.028035771,0.8157965,0.08486244
0.80995417,0.025601719,0.85042876,0.09190493
0.8050832,0.024825599,0.8477538,0.088463336
0.81803346,0.027595306,0.8332416,0.08833715
0.81676954,0.026049113,0.8375489,0.08796438
0.8222967,0.03100519,0.80993015,0.08494233
0.80908513,0.028045144,0.83688956,0.08885011
0.8108484,0.026233703,0.8382807,0.08734559
0.82227474,0.027816394,0.8300757,0.08706288
0.8236629,0.027160635,0.8330246,0.088773355
0.8123748,0.026505392,0.83829594,0.088356465
0.8179941,0.027413186,0.83365726,0.08854453
0.81581503,0.02425384,0.8450937,0.08797531
0.81118464,0.02771079,0.83561444,0.08981039
0.8200361,0.026712276,0.8380507,0.08836633
0.83516586,0.029079353,0.8163249,0.08568966
0.82350934,0.025611566,0.8315192,0.08439971
0.8176083,0.02806618,0.8311385,0.088361904
0.818756,0.026608331,0.8379675,0.08851813
0.81016165,0.028305303,0.83161396,0.0891733
0.80728024,0.028428677,0.8330827,0.08902959
0.81308097,0.024844358,0.8475978,0.08898759
0.82126206,0.027813695,0.8285826,0.08730974
0.80705917,0.026373481,0.84303933,0.089100726
0.82855666,0.027057836,0.82216114,0.08595166
0.82511306,0.02841699,0.82591325,0.0874877
0.8161405,0.025772186,0.84104794,0.08914348
0.8112093,0.02665756,0.8412624,0.08837193
0.8148341,0.027726868,0.83330315,0.0877635
0.803837,0.025467996,0.8498708,0.08874299
0.81281716,0.027356805,0.8375175,0.088950194
0.8147936,0.026013965,0.8480189,0.091134585
0.8076578,0.027692884,0.83468175,0.088595085
0.80749017,0.027126426,0.83803093,0.088107675
0.8260844,0.026944047,0.8297105,0.08707048
0.81043226,0.02847351,0.83368146,0.08946887
0.8267247,0.02647276,0.82817984,0.08567325
0.8298393,0.026493944,0.8290935,0.0853141
0.8286895,0.027620135,0.8221834,0.08574126
0.81839186,0.028842025,0.82111305,0.08707569
0.80849075,0.024915142,0.85202605,0.089184634
0.832552,0.026782328,0.8316865,0.087681584
0.8101022,0.024736278,0.8489289,0.08835588
0.8188583,0.025378566,0.84209263,0.08871045
0.8147432,0.027684368,0.82959116,0.08609813
0.8176688,0.02848656,0.82237554,0.08616491
0.81672096,0.028212832,0.8310397,0.08829403
0.79941297,0.027284471,0.84506625,0.09105826
0.8239585,0.02737805,0.8254686,0.08655389
0.839825,0.031161308,0.79942113,0.08434785
0.79671466,0.024837717,0.8565065,0.08973932
0.8265297,0.028199516,0.8236713,0.085862815
0.8282721,0.027106373,0.831612,0.086683884
0.81177133,0.02740614,0.83593655,0.089614674
0.82618576,0.027940422,0.82635885,0.08782391
0.82293755,0.027214352,0.83016175,0.08745195
0.8152902,0.027776433,0.83114135,0.08745983
0.82090694,0.028799077,0.8258649,0.08822209
0.83850235,0.029232156,0.81951404,0.0882524
0.81051844,0.026619054,0.8383679,0.089243636
0.8126762,0.025955278,0.8441682,0.08885875
0.8147819,0.029331304,0.8195019,0.086383104
0.81752187,0.02711561,0.8319366,0.08764229
0.81020886,0.028846644,0.8350068,0.090842545
0.8227057,0.02947292,0.8192881,0.08696079
0.8128281,0.029578809,0.8203087,0.08656177
0.8119319,0.027998844,0.82717544,0.087784685
0.8231851,0.027495647,0.8255239,0.08636196
0.8310578,0.026615558,0.8321528,0.0880376
0.8092258,0.02744748,0.83891046,0.089221746
0.8165553,0.02620231,0.8372008,0.08718506
0.79957515,0.02478621,0.8544516,0.09051137
0.82365406,0.029736241,0.81679404,0.08641013
0.8221839,0.029230768,0.81749374,0.08544381
0.8303685,0.03036039,0.8044757,0.08371897
0.8170652,0.028178515,0.83141553,0.089144304
0.8386049,0.027399052,0.8228654,0.08652801
0.8367835,0.030433688,0.80239713,0.08311457
0.8175801,0.027097423,0.83371437,0.08720506
0.8087502,0.02726647,0.8386159,0.08835371
0.8185907,0.026263315,0.8341231,0.08611112
0.8121356,0.027543912,0.8395517,0.08985562
0.81601655,0.028790463,0.82301664,0.08759783
0.8094899,0.024547588,0.85371107,0.08932478
0.8298728,0.028792068,0.81679535,0.08511619
0.8159826,0.028210148,0.82988983,0.08881887
0.8286958,0.026218096,0.8261076,0.0853623
0.8220378,0.029118668,0.82473934,0.08754745
0.8120501,0.025307667,0.8400322,0.087959014
0.8165966,0.026732186,0.83566064,0.087449305
0.8194389,0.025925789,0.8423146,0.08944749
0.8121334,0.027075363,0.8360188,0.08767594
0.80925393,0.026619537,0.84257305,0.08992516
0.82207483,0.027847847,0.82596165,0.0872224
0.8058579,0.026551431,0.843398,0.08964149
0.81120646,0.02686418,0.8389678,0.088705055
0.80413604,0.026543912,0.8462435,0.090216376
0.83060056,0.028806137,0.8188645,0.08551971
0.8205312,0.027596984,0.82901406,0.086426966
0.8171183,0.02802093,0.82721984,0.08701664
0.8177891,0.026591336,0.83452755,0.08770276
0.83554673,0.028253354,0.8217029,0.08733223
0.81020737,0.025719581,0.84430933,0.088704504
0.8079445,0.028576542,0.830369,0.08837554
0.81485915,0.025635447,0.84451973,0.08816544
0.8274981,0.029265817,0.816646,0.085727744
0.81093323,0.026696036,0.84593254,0.09058708
0.8163933,0.02863712,0.82315826,0.08735607
0.826822,0.027001545,0.8316653,0.08842739
0.81821525,0.026973568,0.8339115,0.08841553
0.82289666,0.026497563,0.83175826,0.08708058
0.8258898,0.026107127,0.8348054,0.08689087
0.81827676,0.02467575,0.8459675,0.088912874
0.8243966,0.027642474,0.8223371,0.08610931
0.8426937,0.029384367,0.8084888,0.08474036
0.8278825,0.027287483,0.8256028,0.085888
0.80409884,0.028146742,0.8392684,0.09074252
0.8120971,0.026474621,0.8345275,0.08817553
0.8059541,0.026475715,0.8389999,0.08800585
0.81421953,0.025108164,0.84386903,0.088281736
0.8154014,0.02852092,0.83549607,0.0900546
0.8332918,0.028126461,0.82235,0.08753458
0.81865424,0.026635453,0.8377432,0.08964589
0.8317295,0.029068656,0.8191942,0.086770914
0.84760255,0.028354516,0.8076213,0.0830279
0.8088612,0.026527975,0.8446292,0.090526946
0.8197095,0.026980186,0.83792144,0.08916507
0.81563354,0.027182376,0.8341189,0.08706597
0.824197,0.027190562,0.8258758,0.08521055
0.8125564,0.02738369,0.83235306,0.08829119
0.8115337,0.025966462,0.8445312,0.08940381
0.81266946,0.026940545,0.83848745,0.0888111
0.8111106,0.026813583,0.8424185,0.089959666
0.8098968,0.025668032,0.8477805,0.090746716
0.83248866,0.028552882,0.8200763,0.08600937
0.803239,0.026382677,0.84490347,0.089367
0.81682897,0.027807701,0.8247889,0.085932836
0.8204601,0.026634615,0.834947,0.08668924
0.810911,0.027050084,0.832169,0.087302126
0.8055282,0.026956743,0.8375255,0.087311536
0.81468964,0.02610396,0.8370763,0.088389315
0.81881565,0.02656058,0.840017,0.08911476
0.79866487,0.024729691,0.85287696,0.08869721
0.81079876,0.028215813,0.8289831,0.086998805
0.81376374,0.027215546,0.82888836,0.086271755
0.81778836,0.026497362,0.8357261,0.08741228
0.79721683,0.024600945,0.85990644,0.09100342
0.8078572,0.027772551,0.83954096,0.08974762
0.8161004,0.024918564,0.8474582,0.08829854
0.80354065,0.025228368,0.84943694,0.09044971
0.81558806,0.02624997,0.8399819,0.08857534
0.81726533,0.027081838,0.8313745,0.087436
0.8075817,0.025490351,0.85065454,0.089540415
0.83480424,0.028292168,0.81477576,0.0835917
0.81835026,0.027019667,0.83338314,0.08705076
0.8362977,0.027722994,0.81783396,0.08522865
0.8250742,0.02911004,0.82297987,0.08686733
0.80336267,0.02631256,0.8407088,0.088699915
0.8155645,0.026037123,0.8398416,0.087880194
0.82896084,0.025024049,0.8374613,0.08700411
0.81855226,0.025290802,0.84046584,0.08602555
0.80123293,0.026123878,0.84876823,0.089965224
0.81324124,0.028802648,0.8263632,0.08691036
0.8156554,0.027427012,0.83291465,0.08836496
0.81946224,0.02562477,0.83742017,0.0870951
0.8246024,0.028919881,0.817223,0.08648602
0.8135519,0.029138885,0.8195019,0.08524237
0.8262851,0.026396323,0.82994986,0.0872287
0.8064687,0.025338452,0.8500669,0.09162303
0.81779253,0.029165436,0.8218275,0.08598403
0.8243656,0.02680815,0.8283838,0.086376555
0.81532985,0.028629284,0.82866126,0.08775802
0.81608015,0.026716506,0.8367261,0.08759364
0.82751626,0.028537223,0.82412314,0.08754971
0.8218678,0.028337965,0.8250333,0.08659572
0.8272628,0.028355915,0.8219675,0.08619591
0.8205962,0.027911073,0.82195187,0.08494706
0.81665707,0.026058815,0.83814234,0.08786063
0.8126406,0.025530402,0.84179634,0.08708287
0.8046339,0.02621457,0.8450156,0.09000455
0.8281743,0.027030317,0.8260256,0.08553963
0.8211285,0.027293501,0.82894295,0.08708395
0.8143823,0.024232741,0.84828365,0.08880034
0.80620956,0.026905222,0.846203,0.090812206
0.80543226,0.024588486,0.85638183,0.08991074
0.81361896,0.026699549,0.83379215,0.08705752
0.8174467,0.026682302,0.8284617,0.086073145
0.8229568,0.026527943,0.8363341,0.0871802
0.82886815,0.030067272,0.8099127,0.084062345
0.82240134,0.028656654,0.8309771,0.089921154
0.8276928,0.026133938,0.8355475,0.08791618
0.8266175,0.025615621,0.83907014,0.08797644
0.8088608,0.025935818,0.84680974,0.08871796
0.81992906,0.02841833,0.82393557,0.086681716
0.8291226,0.027753886,0.8221072,0.08616604
0.82710063,0.028744364,0.81975317,0.08704802
0.8097908,0.027592141,0.8335455,0.08942352
0.82564014,0.02712911,0.8283448,0.087349616
0.82906485,0.028746735,0.8185865,0.084488794
0.8208479,0.026665227,0.8291864,0.08687115
0.82114077,0.025595298,0.8418537,0.08853662
0.8085118,0.02604497,0.8447123,0.088890135
0.81440544,0.02737405,0.8396507,0.09005411
0.8194716,0.027167054,0.82902366,0.08646734
0.82016915,0.026651371,0.8385099,0.08839562
0.83280265,0.029123751,0.8140731,0.0863773
0.8278522,0.026598265,0.8346468,0.08916137
0.8166517,0.024969578,0.8455093,0.08766311
0.8226768,0.028092885,0.8210407,0.08527329
0.8048456,0.024006099,0.85824364,0.08997541
0.81357163,0.025904158,0.8398787,0.0881216
0.8164606,0.027868822,0.83171594,0.088526696
0.83522403,0.02789411,0.8187244,0.08505669
0.8144873,0.026140187,0.8406965,0.08837554
0.82283556,0.029164573,0.8150267,0.08524825
0.81529945,0.027288016,0.83519024,0.08892611
0.8055158,0.026517604,0.84135145,0.08844838
0.8075649,0.026015176,0.840911,0.08699978
0.81015795,0.026678506,0.8408356,0.08953452
0.82077754,0.024850601,0.84501576,0.0889225
0.81266916,0.026686903,0.839199,0.088171475
0.83088523,0.027635904,0.82441807,0.08607559
0.80997235,0.026471175,0.8451245,0.08967103
0.8072166,0.025541166,0.84657097,0.08941587
0.8184049,0.027805507,0.8265086,0.086570516
0.82119554,0.029555397,0.8179781,0.0857163
0.82057136,0.030795008,0.81284255,0.086440645
0.812194,0.027106289,0.8342972,0.08791073
0.81393886,0.030275658,0.8219042,0.087843664
0.82162404,0.027051069,0.83006793,0.08741707
0.8186408,0.027384005,0.830039,0.08782329
0.8289115,0.02921847,0.81607574,0.0850701
0.8238965,0.029539568,0.81999236,0.086803466
0.8034401,0.025180817,0.8574213,0.0920869
0.8177958,0.027110968,0.83228797,0.08750741
0.8314048,0.027657142,0.8249939,0.0871648
0.81861126,0.02858821,0.8206343,0.0856916
0.81563747,0.024472889,0.8554647,0.09084627
0.8240394,0.030286126,0.8183383,0.08775022
0.8269183,0.0306292,0.80819255,0.08435169
0.81870335,0.026154993,0.840609,0.08692077
0.8317753,0.029578893,0.8134479,0.08516236
0.8109151,0.02770454,0.83830905,0.089306146
0.8175614,0.028832542,0.8252154,0.08880856
0.8291558,0.027602637,0.8242463,0.0855505
0.80619574,0.026595464,0.8416889,0.089290544
0.8055482,0.025001012,0.84871906,0.08851564
0.8188543,0.026548652,0.8376978,0.08894133
0.81832707,0.027553277,0.82763505,0.084987834
0.8206808,0.028235624,0.826298,0.08672122
0.8036192,0.027851127,0.83246416,0.08605493
0.8068421,0.027162798,0.84219867,0.08968266
0.8201104,0.028116217,0.82509696,0.08706209
0.82455724,0.027585616,0.82998484,0.087612875
0.82516366,0.027830364,0.8242702,0.08637408
0.8125488,0.027342618,0.8403051,0.09002813
0.8115633,0.026880184,0.8365283,0.08814791
0.818968,0.026686395,0.83321476,0.08759103
0.8207174,0.027034486,0.8291539,0.08674161
0.8026911,0.026820349,0.84652615,0.08953736
0.8120069,0.027139455,0.83683336,0.0890729
0.810801,0.027126918,0.8355322,0.08783593
0.81581235,0.028781774,0.8199494,0.08510244
0.82687,0.029658172,0.812771,0.083934955
0.82167834,0.027943227,0.8261027,0.08619694
0.8370226,0.03088888,0.79991734,0.083338395
0.82016873,0.027971655,0.8291557,0.088542484
0.82810646,0.025446171,0.8361606,0.08573723
0.81665075,0.025310393,0.84041697,0.08730119
0.8135044,0.025447808,0.84214586,0.087652236
0.80721897,0.024521617,0.85157794,0.08913041
0.8147097,0.027335389,0.8319614,0.0874516
0.8393611,0.030119957,0.80273324,0.08395353
0.8208893,0.026107932,0.837718,0.0876275
0.8245141,0.02806816,0.8224082,0.0855133
0.81803006,0.025708815,0.8418384,0.08906054
0.83198047,0.026707564,0.8239643,0.08558547
0.8008512,0.022747308,0.87524736,0.09206804
0.8307319,0.027089568,0.8229364,0.08529864
0.8189627,0.025259985,0.8387475,0.08771836
0.81142795,0.028301883,0.83264077,0.08982313
0.815285,0.027385898,0.8352877,0.08844548
0.82928264,0.02652578,0.83139646,0.08677013
0.8050253,0.025817314,0.84711564,0.09001626
0.8204874,0.026847629,0.8331513,0.08681516
0.80306196,0.025689557,0.85304546,0.09102865
0.80842924,0.027215688,0.8378646,0.089110434
0.8090479,0.02632024,0.8426049,0.08936272
0.8214464,0.02835655,0.8236085,0.08670863
0.81922096,0.02698923,0.834316,0.08787393
0.82121676,0.02782381,0.82824564,0.08804978
0.8198396,0.026026316,0.8399261,0.088768885
0.83424145,0.027209882,0.82280195,0.0849662
0.81307185,0.027207604,0.83378744,0.08797413
0.80397,0.026497362,0.84666425,0.090252094
0.827029,0.028071327,0.82427865,0.08585227
0.8423656,0.027394949,0.81484145,0.08335501
0.81759626,0.02678164,0.8332827,0.08658185
0.813901,0.028033104,0.82578677,0.086529665
0.82284206,0.026375413,0.8292721,0.08542264
0.80514973,0.024827013,0.84966844,0.08819929
0.8230491,0.027221898,0.8277204,0.08642223
0.81384015,0.028618678,0.82585883,0.08703393
0.80101025,0.026233064,0.8493141,0.090045884
0.8113497,0.027074955,0.84043664,0.08991757
0.8120269,0.025376031,0.8481017,0.08954212
0.8224904,0.028568394,0.8263265,0.088518046
0.815541,0.026397336,0.84343785,0.090743214
0.8196012,0.026102385,0.8347433,0.08691399
0.8295487,0.0274433,0.82352555,0.0860642
0.8297614,0.024779007,0.83905387,0.086748354
0.812936,0.026630342,0.84244055,0.09043876
0.80386925,0.025947334,0.84453326,0.088613406
0.80321723,0.026796756,0.84275264,0.08746069
0.8271106,0.028057074,0.8216408,0.08555095
0.80506104,0.026579648,0.842162,0.08801888
0.7981017,0.025284206,0.85973155,0.092128925
0.8316803,0.026571512,0.82674456,0.08667089
0.83419514,0.028510034,0.81456786,0.08535477
0.7983065,0.02448814,0.8566905,0.090240106
0.8220961,0.028950317,0.82201505,0.08739638
0.8023532,0.024279898,0.8544587,0.08867685
0.81234515,0.028020535,0.8330318,0.08859688
0.80556166,0.02645785,0.8442926,0.09007116
0.82358974,0.028182948,0.8263289,0.088631466
0.8113441,0.026983833,0.835188,0.08752498
0.81565535,0.029344482,0.8254403,0.08871091
0.826679,0.025565578,0.8330056,0.08681328
0.82620174,0.027713696,0.82694495,0.085694276
0.8318281,0.031210283,0.8028876,0.0851749
0.8093324,0.024107607,0.85388654,0.09042843
0.8281571,0.026440036,0.82530236,0.08505834
0.8182806,0.025769152,0.8414704,0.08613619
0.82567406,0.028745886,0.8163999,0.08509666
0.81492674,0.026199555,0.84036255,0.088572994
0.8210986,0.027745266,0.82938474,0.08711737
0.8280753,0.028165087,0.81916606,0.08524733
0.83092314,0.02857913,0.81254506,0.0841656
0.82148683,0.02608422,0.83698815,0.08807188
0.81131744,0.027000727,0.8419708,0.09005177
0.83474374,0.028683566,0.81340563,0.08484534
0.82088447,0.027688969,0.82072634,0.08509422
0.81183714,0.026108341,0.8427321,0.087570295
0.82471573,0.026622482,0.8366338,0.089551024
0.82079524,0.02884899,0.821296,0.08528607
0.8096521,0.025723377,0.84540254,0.08906648
0.80874085,0.027355926,0.8339386,0.0868206
0.8129437,0.02657451,0.8406374,0.08893577
0.81049854,0.027609976,0.83013546,0.08745368
0.8064961,0.02703504,0.8424144,0.08872993
0.822128,0.027027925,0.8325516,0.087630466
0.8203194,0.027444044,0.82925326,0.08669141
0.8155786,0.02916022,0.82250243,0.087677695
0.8238191,0.02838858,0.8234724,0.08598212
0.81538355,0.02738116,0.8341565,0.08760918
0.813136,0.02614275,0.83975494,0.08774426
0.8325275,0.02850788,0.8220814,0.08781613
0.83039933,0.025883488,0.8314132,0.08507379
0.8305329,0.028492564,0.8242321,0.08762541
0.82442456,0.029799229,0.81830865,0.08718059
0.81049114,0.02714614,0.8387824,0.089174256
0.80061203,0.02613046,0.84588426,0.08922402
0.8135294,0.030887377,0.81686413,0.08662897
0.8248541,0.026982417,0.8274783,0.086651675
0.829018,0.02678561,0.82763714,0.08478818
0.8133595,0.02620614,0.836795,0.08754322
0.81304705,0.025071496,0.85021955,0.090921335
0.82167923,0.027261492,0.8303275,0.08734141
0.8025093,0.02445363,0.85695666,0.090807945
0.8308161,0.03191677,0.8061831,0.086048834
0.81020415,0.025554,0.853958,0.09135777
0.84057254,0.028174657,0.81281394,0.08339234
0.81094706,0.025930036,0.84341764,0.088833675
0.8151764,0.029234372,0.8282091,0.0895389
0.83087224,0.028835457,0.811031,0.08445446
0.8029677,0.025855044,0.84722346,0.08945122
0.82767713,0.026127813,0.83517885,0.08728031
0.82583714,0.027508177,0.8236694,0.08513637
0.8142284,0.026759956,0.8383141,0.08793125
0.8300585,0.028364103,0.82184047,0.08462318
0.8133033,0.026171492,0.84041834,0.088425085
0.81083655,0.0288631,0.82353574,0.08702198
0.81840223,0.027020406,0.8348582,0.08799674
0.8324191,0.028286476,0.81723064,0.08587322
0.8217109,0.026235146,0.84009284,0.0888461
0.8164572,0.027386753,0.8326236,0.08684801
0.8113476,0.02600049,0.84590095,0.08972118
0.81445765,0.024063844,0.8502816,0.08771257
0.808111,0.027031263,0.8373149,0.08947236
0.81593806,0.026113627,0.8419041,0.08859291
0.80836797,0.025861695,0.84750956,0.089599974
0.81813574,0.02689782,0.8370376,0.08947181
0.81081706,0.02519863,0.85226685,0.09086267
0.8302639,0.028163154,0.8216111,0.08449081
0.8192752,0.02715875,0.8346879,0.089949585
0.801852,0.025725218,0.8519856,0.09112485
0.82082665,0.027324395,0.8274975,0.087420575
0.8170367,0.028250046,0.8292708,0.08751999
0.8175983,0.025471762,0.8433744,0.08828675
0.8027936,0.026140768,0.8434521,0.088353075
0.811735,0.027661547,0.8324125,0.086678535
0.8046575,0.026135426,0.8476157,0.0896888
0.81745213,0.02498615,0.8459185,0.08885979
0.8032486,0.026055193,0.84490544,0.0899483
0.817179,0.02773627,0.82737535,0.08628379
0.8258088,0.02592448,0.8360131,0.08694734
0.8077286,0.023486497,0.86435753,0.09102824
0.81750625,0.027385872,0.83030534,0.087676816
0.8131864,0.025682228,0.8450599,0.089032836
0.83028173,0.027856879,0.82132715,0.08673412
0.810348,0.025270736,0.8463542,0.088215165
0.80967754,0.02661969,0.8413731,0.08912794
0.8192667,0.02799265,0.8309213,0.08754251
0.815506,0.028095994,0.829927,0.0873798
0.8179686,0.027347721,0.8379749,0.08905659
0.8413549,0.028064508,0.80920154,0.08260538
0.80476236,0.026385173,0.846524,0.089083135
0.81000346,0.025462756,0.8504318,0.09087364
0.80977696,0.025289522,0.8435494,0.08869313
0.8171411,0.027094664,0.83457124,0.08794027
0.8258921,0.028663762,0.8185686,0.085368246
0.8161262,0.027103884,0.83680356,0.08903937
0.8095959,0.028640017,0.82764864,0.08680359
0.83065194,0.027643554,0.82202804,0.08638671
0.8223202,0.027538251,0.8352145,0.089974165
0.82779074,0.028292572,0.8138312,0.08474432
0.8175223,0.025913628,0.8375546,0.088019006
0.81242347,0.025202,0.8493947,0.08925908
0.80611956,0.02574916,0.8456957,0.09008512
0.8276488,0.030965712,0.81011826,0.08624521
0.81019926,0.027423514,0.8331682,0.08801576
0.8129629,0.025372183,0.8403664,0.08689772
0.8106278,0.025522107,0.8500021,0.08964991
0.81043357,0.02518168,0.8463515,0.088326685
0.8315712,0.026101949,0.83209765,0.086613834
0.8151098,0.02628801,0.8420999,0.08856529
0.8234188,0.027633697,0.8244978,0.08625687
0.8140077,0.026171306,0.8427044,0.08942461
0.8136698,0.028218463,0.827759,0.086827666
0.8094786,0.02697845,0.8363335,0.088372245
0.8158617,0.027116792,0.8330494,0.08778755
0.82740533,0.026224216,0.8322178,0.08706444
0.8154679,0.027717872,0.8249722,0.08601199
0.83263946,0.02999894,0.8125899,0.08553255
0.8145707,0.025227027,0.84226507,0.08734102
0.81578076,0.028159259,0.83306223,0.08820825
0.8070953,0.025264947,0.84940183,0.09010488
0.8161318,0.028225044,0.8263683,0.08710145
0.8004693,0.024969608,0.8599388,0.09252705
0.8046772,0.025572479,0.85290754,0.09012535
0.82088774,0.027670583,0.8254851,0.08496429
0.83853793,0.026926547,0.8214339,0.08570498
0.81259894,0.026704146,0.83554417,0.08848977
0.8255997,0.025688438,0.8346556,0.08671322
0.83332044,0.026691401,0.82219946,0.08366625
0.82092565,0.0277254,0.8250847,0.08557704
0.8083797,0.027303316,0.8422314,0.089940086
0.82409465,0.029894797,0.81750727,0.08652459
0.8216022,0.026829578,0.83355844,0.08789417
0.8221853,0.02689836,0.8281806,0.08532175
0.82165414,0.028511945,0.8247755,0.08765742
0.82806224,0.026702719,0.828101,0.085271925
0.79389954,0.025312772,0.85626036,0.089725114
0.82042253,0.026802437,0.83249706,0.08717706
0.8157138,0.02751864,0.83516216,0.08907332
0.8429008,0.029024918,0.8115141,0.08493738
0.82320017,0.02803009,0.82076526,0.08483101
0.8251638,0.026049398,0.83737636,0.08830024
0.80218905,0.025453433,0.84789443,0.08898116
0.81756675,0.030216873,0.8174152,0.08749128
0.8213872,0.026492914,0.83461004,0.087157644
0.79599047,0.02622426,0.8567286,0.09257782
0.80553615,0.027306559,0.84078586,0.08938938
0.8224767,0.02933343,0.8199369,0.08687259
0.81843376,0.025262916,0.8443693,0.0895743
0.82247216,0.02602389,0.8341902,0.087304644
0.81237864,0.024107095,0.8589458,0.091522954
0.8153418,0.026852053,0.83292264,0.0872453
0.8141486,0.025892785,0.84472084,0.089712664
0.8201636,0.028117733,0.8247715,0.08715108
0.8144841,0.027779538,0.83179,0.088419855
0.8385385,0.029077059,0.81271493,0.08555476
0.8197601,0.028586362,0.83054006,0.08848726
0.8232988,0.028279118,0.8258791,0.087824434
0.81093085,0.026661813,0.84176445,0.08923521
0.8212941,0.027211841,0.82932407,0.08641328
0.8181223,0.026320923,0.8348912,0.08658966
0.8109961,0.028008506,0.8305907,0.086212665
0.8263564,0.027270593,0.8304797,0.08800841
0.7926861,0.024966035,0.85988057,0.090300456
0.8175765,0.028961632,0.8275248,0.08875888
0.8094347,0.026212094,0.8415758,0.08741718
0.7966508,0.025022617,0.86046135,0.090805694
0.8065757,0.02455675,0.85165685,0.08827645
0.81253076,0.027979271,0.82941365,0.08748386
0.80884045,0.026090575,0.8458364,0.08991268
0.81398684,0.02765548,0.83381444,0.087711506
0.8198891,0.029020233,0.82521266,0.087510936
0.82502943,0.027335903,0.82772195,0.08716475
0.81906855,0.027378215,0.83011836,0.08742635
0.8132696,0.02703252,0.8331589,0.08806553
0.81237054,0.026295038,0.8414255,0.08885039
0.8239459,0.028118107,0.8286534,0.0883661
0.8165403,0.027025426,0.83519226,0.08787963
0.8113388,0.025653042,0.8437192,0.08880617
0.81736916,0.026891306,0.83392626,0.08839899
0.8238588,0.028306127,0.81857747,0.085004166
0.8070057,0.027434591,0.83540404,0.08911203
0.8092644,0.024737163,0.8527152,0.089703426
0.8075932,0.025458975,0.84985757,0.090940736
0.843055,0.026739962,0.8232724,0.08508647
0.8218447,0.027741289,0.82638824,0.08665324
0.85045004,0.03148851,0.79329073,0.083350755
0.8272653,0.028037168,0.82287955,0.08665925
0.80364996,0.026037198,0.8450158,0.08957321
0.8165669,0.028729893,0.82434183,0.08576571
0.8296762,0.026297871,0.83435786,0.08771719
0.81426686,0.027031858,0.83224714,0.08647443
0.8220993,0.02851877,0.82251346,0.08507525
0.8183796,0.026718104,0.82782185,0.085439675
0.81384003,0.02734493,0.82877463,0.08645013
0.8161014,0.028454337,0.8265204,0.08770954
0.82278854,0.027554842,0.8296266,0.08632546
0.80677503,0.026549418,0.84033585,0.08904742
0.8225326,0.027406048,0.82539386,0.08585935
0.83140904,0.026509644,0.8274726,0.08488098
0.8145912,0.029187007,0.8281147,0.08812135
0.8030419,0.02554192,0.85062706,0.09079026
0.805891,0.025170565,0.84822935,0.087720685
0.8128118,0.026277257,0.84459126,0.089252636
0.8189977,0.027861582,0.82988673,0.08812345
0.82549816,0.027457114,0.82389367,0.08512813
0.8100876,0.024289927,0.85387015,0.089990474
0.80598325,0.024753949,0.85275745,0.08909637
0.8249459,0.031210968,0.811436,0.08609035
0.81279874,0.027146153,0.8397426,0.08855667
0.8198385,0.02773367,0.8280012,0.08778001
0.81988627,0.028798398,0.8193376,0.08507671
0.8397825,0.02876321,0.805913,0.08267876
0.8207913,0.028134422,0.8235411,0.086529166
0.8169739,0.028027952,0.83001757,0.086530715
0.801456,0.026308276,0.84843874,0.08907959
0.7960904,0.024799462,0.8605924,0.09101034
0.8174233,0.028347014,0.8287292,0.08846536
0.8295851,0.027892122,0.8207984,0.085844025
0.80590254,0.026239945,0.84662783,0.09057576
0.8158456,0.026796699,0.8328447,0.085298195
0.81209946,0.025914876,0.83688426,0.08613609
0.8170572,0.03121757,0.81288815,0.08577528
0.8380749,0.03039911,0.8028949,0.08279607
0.82372653,0.026482431,0.83372873,0.08573173
0.8109301,0.0278715,0.83156955,0.08745524
0.81905645,0.026959911,0.83558387,0.08819462
0.8202171,0.027503915,0.82917744,0.08682969
0.82153845,0.026110757,0.83744335,0.088998705
0.82912135,0.028023422,0.8232397,0.087270305
0.8189792,0.025835762,0.8382431,0.087990955
0.8166258,0.026543038,0.84229314,0.09040424
0.81742525,0.02653551,0.83673626,0.08743319
0.8155878,0.027518252,0.83711356,0.09030196
0.8122048,0.028072251,0.82907563,0.08808276
0.815398,0.02667263,0.8330084,0.08675964
0.8061067,0.026457218,0.83973783,0.086867794
0.7999587,0.027376628,0.8430981,0.090047024
0.81816596,0.02513652,0.8484029,0.08954366
0.8254036,0.028774047,0.8238723,0.08820585
0.8155912,0.025218403,0.84117496,0.08750046
0.81761724,0.028022712,0.82844687,0.08841678
0.7963993,0.026424406,0.85307103,0.09058773
0.8355666,0.027822424,0.8255265,0.08899648
0.8186813,0.029035293,0.817502,0.08473366
0.81764483,0.0252712,0.84864813,0.09039424
0.8025706,0.025678897,0.849298,0.09002054
0.8216423,0.02597684,0.83629733,0.0874542
0.8153198,0.025863225,0.8424683,0.087700464
0.83235097,0.02759372,0.82046694,0.0852088
0.8203013,0.027510624,0.8273914,0.085650645
0.8286051,0.028658357,0.82303965,0.08746323
0.82333326,0.02772491,0.8288278,0.087229036
0.8087463,0.025344197,0.84563357,0.0879192
0.81840736,0.027182551,0.83110297,0.08780011
0.83212936,0.028838461,0.8152698,0.08499724
0.82530123,0.027333433,0.82972854,0.087849565
0.8250166,0.029074624,0.8177898,0.08497651
0.81856257,0.029541435,0.8246791,0.086723246
0.82503325,0.028146036,0.8252561,0.08744584
0.8127325,0.025391143,0.8452195,0.089023605
0.8167275,0.026000014,0.84558773,0.090033434
0.8148304,0.026999013,0.838387,0.0881207
0.8163036,0.025933312,0.8434259,0.08893433
0.81649613,0.026427828,0.835384,0.08698416
0.80713785,0.027110264,0.8370191,0.088588536
0.81917053,0.027574457,0.8269422,0.08684901
0.8359781,0.02821462,0.818451,0.08569493
0.82791716,0.025110852,0.8372306,0.08770264
0.81461054,0.029495645,0.82613856,0.08808111
0.8147696,0.025700854,0.8421932,0.08894063
0.81620604,0.02527625,0.8428731,0.08846443
0.8146683,0.028254742,0.8292662,0.088589914
0.82141596,0.028984228,0.82694393,0.08849954
0.81725603,0.026928248,0.8352445,0.087765664
0.8318873,0.026346339,0.83238494,0.08698319
0.791719,0.02320985,0.8709504,0.09259217
0.8221943,0.026580572,0.83459926,0.088217124
0.8007587,0.025718698,0.8499733,0.09082555
0.835712,0.02778811,0.82199216,0.08707012
0.81573564,0.027027642,0.8317777,0.087872885
0.814483,0.026502637,0.8350145,0.08806397
0.8295184,0.02716342,0.8235873,0.085756384
0.8107781,0.02579648,0.8381561,0.08782385
0.80171376,0.026700726,0.84638417,0.08953625
0.8350397,0.02855916,0.8146834,0.08506864
0.81038135,0.026134398,0.8428869,0.08777669
0.8294315,0.027650977,0.8196836,0.08511664
0.8129986,0.025491973,0.8489289,0.09063668
0.83117294,0.027752649,0.8193498,0.08633562
0.8258924,0.02722354,0.83004856,0.08860419
0.8256142,0.028253313,0.82418376,0.08641182
0.83898926,0.026625078,0.8253503,0.086734824
0.81701195,0.02630127,0.83481795,0.086992145
0.80451816,0.027127307,0.8425195,0.08960916
0.8171157,0.026411828,0.8372626,0.08753086
0.81077284,0.025863588,0.8460073,0.08964036
0.80632496,0.025104873,0.8455299,0.08791798
0.81190187,0.028278086,0.8318877,0.08772206
0.8011211,0.024933467,0.8593841,0.0918075
0.8131925,0.028264612,0.82536626,0.08598134
0.80535066,0.02855219,0.8337993,0.08838204
0.8124705,0.0291218,0.82706255,0.087884404
0.8043832,0.025386397,0.8519442,0.090529084
0.8283101,0.028444123,0.81596786,0.08492729
0.8278819,0.027977426,0.82087463,0.08520019
0.83210474,0.027666012,0.82033813,0.08536794
0.8099199,0.027033951,0.8397099,0.08957618
0.8204521,0.028106572,0.82490337,0.08746173
0.816798,0.026274068,0.8386752,0.08801007
0.8207215,0.027124979,0.8324323,0.087891236
0.8303548,0.028546838,0.82076454,0.08590545
0.8105929,0.027056003,0.83955175,0.08766731
0.8216705,0.026040282,0.83192194,0.08552705
0.821134,0.028054386,0.8228671,0.087536916
0.8063897,0.025252499,0.84738517,0.089595385
0.8027313,0.025468688,0.8497985,0.08835076
0.81380755,0.025901113,0.84083086,0.08755996
0.81210715,0.025095848,0.84687436,0.08850312
0.81598395,0.025607506,0.83466595,0.085906774
0.81255025,0.026703577,0.8438887,0.09069046
0.82310027,0.028554864,0.8217368,0.086807065
0.8173703,0.029065054,0.82139933,0.08744793
0.8126825,0.025697215,0.84329146,0.08871642
0.83178705,0.029254954,0.81044984,0.08487703
0.81315684,0.02815311,0.83714545,0.09017165
0.8211126,0.026949039,0.8358335,0.0891777
0.80529535,0.025926618,0.8467659,0.09014396
0.8190868,0.025324736,0.8444311,0.08912607
0.8060218,0.026126344,0.8456744,0.090038136
0.805003,0.023928927,0.85680145,0.08907154
0.82151127,0.02726443,0.83439845,0.08871405
0.8278191,0.026738165,0.83239263,0.087335765
0.8363036,0.030080056,0.81318235,0.085972056
0.8141644,0.02572261,0.84014404,0.08718533
0.81153244,0.024389774,0.8602276,0.09166669
0.80823785,0.025670817,0.84394187,0.08873273
0.82622755,0.02760369,0.8259043,0.08724848
0.82945454,0.028199228,0.8188054,0.085483484
0.83295506,0.027023487,0.8212709,0.08518932
0.8248925,0.026508572,0.83403146,0.08681841
0.81679916,0.02562331,0.8364418,0.08612071
0.81810474,0.025665523,0.84352064,0.08773896
0.7925399,0.024637016,0.85992527,0.091134906
0.81959033,0.028896812,0.8209254,0.086449385
0.8149625,0.025705805,0.8423425,0.08711136
0.8227112,0.026494898,0.830409,0.08592269
0.83523536,0.030121494,0.8140287,0.085626245
0.7982056,0.025964048,0.85082,0.089625165
0.8062201,0.025704795,0.8481645,0.08989361
0.8223965,0.028127735,0.82899404,0.08855129
0.80646616,0.026324626,0.84502214,0.08904933
0.8120248,0.026197962,0.83916146,0.08818156
0.8145212,0.02751545,0.82838196,0.086537026
0.8351611,0.0287638,0.81267774,0.08367708
0.81387967,0.026475366,0.83765835,0.086730465
0.8243089,0.026152873,0.8347778,0.08780882
0.8123402,0.02823582,0.8333616,0.09005061
0.80869573,0.024641762,0.84742314,0.088075854
0.81686854,0.026895832,0.8325019,0.08689658
0.8151912,0.02570737,0.8422992,0.08725466
0.8249437,0.02839315,0.81710815,0.08519184
0.80006087,0.025028847,0.85475016,0.09107183
0.82068676,0.0281844,0.8252053,0.08630346
0.81878847,0.027295766,0.83201545,0.0878299
0.8151706,0.027312562,0.8305715,0.08614749
0.8268456,0.027217953,0.8259606,0.08650196
0.8363311,0.030529253,0.809478,0.08601569
0.81544155,0.02466095,0.8484519,0.08914109
0.82284707,0.028036078,0.8270907,0.08738846
0.82824135,0.029744957,0.8102911,0.08344111
0.8229418,0.026542177,0.8307153,0.08570122
0.82030034,0.027569903,0.83014107,0.088061266
0.8195689,0.025449023,0.8418937,0.08917398
0.8269857,0.028993558,0.82025445,0.08728847
0.80200464,0.027586682,0.8383146,0.09021496
0.828174,0.02602523,0.8360709,0.08754779
0.83057505,0.029937137,0.8081507,0.08405375
0.8150354,0.026995275,0.84093213,0.0900802
0.825794,0.02749859,0.82551,0.08613722
0.8172079,0.02830357,0.8286176,0.088351116
0.809223,0.025460117,0.8397854,0.08770579
0.8147222,0.027093805,0.8380012,0.090599455
0.82003945,0.028023634,0.825659,0.08638041
0.81009895,0.025252372,0.85214734,0.0905836
0.82128614,0.025861701,0.8378636,0.08874679
0.8304043,0.027651241,0.81992,0.08511019
0.8080255,0.02556339,0.8469284,0.08895673
0.8103846,0.027791403,0.8332169,0.08753182
0.8367513,0.026750745,0.8192006,0.0843908
0.83238715,0.028377647,0.81897163,0.086697154
0.82630485,0.028590403,0.823217,0.08693737
0.82091796,0.027292883,0.8288545,0.085921034
0.81782943,0.024830015,0.84779227,0.089834176
0.8098105,0.025731442,0.84236354,0.08833623
0.8210913,0.026472507,0.8309437,0.08641957
0.8289153,0.025950043,0.83122283,0.08499726
0.80731475,0.026109343,0.84685224,0.09008424
0.81711125,0.028879752,0.8182244,0.08591995
0.8274055,0.026749304,0.83161503,0.08602928
0.8010336,0.026035272,0.8470161,0.08987021
0.8221695,0.02874958,0.8192889,0.08676554
0.8064526,0.02414141,0.8592589,0.08999
0.8156285,0.02700589,0.834796,0.08765241
0.81421417,0.026559092,0.8397562,0.08946571
0.80805075,0.02645951,0.8425515,0.089325055
0.8034212,0.028101547,0.8435213,0.09112842
0.821237,0.026788503,0.83919716,0.08873458
0.8143417,0.027653554,0.8343667,0.08937548
0.80323505,0.026021123,0.84922457,0.09051726
0.8472999,0.028855821,0.8062451,0.084045574
0.8122847,0.02607337,0.8361153,0.087993495
0.82441616,0.02771854,0.82553166,0.087110095
0.812306,0.024617333,0.8456962,0.086838305
0.8030586,0.026307523,0.84720725,0.089013435
0.8308843,0.028123472,0.81898516,0.085546255
0.8139499,0.026456216,0.842851,0.09007101
0.8246708,0.028940849,0.82010293,0.085798986
0.82111084,0.026091043,0.8290697,0.08613874
0.8467997,0.028995203,0.8122381,0.08547431
0.8221286,0.026194284,0.8340758,0.08704675
0.8150849,0.026589643,0.83987826,0.08883069
0.82032704,0.02837814,0.8265014,0.08782088
0.8194099,0.027845483,0.8214723,0.08532177
0.81716996,0.026022656,0.84215873,0.089424334
0.81918997,0.02774846,0.83456784,0.08914101
0.7965603,0.02812014,0.8409302,0.089809336
0.81402355,0.02932759,0.8232092,0.08681843
0.8149892,0.02519652,0.84789824,0.08968283
0.81792957,0.025781957,0.8415661,0.08886852
0.83492315,0.0272661,0.81656873,0.08422539
0.8193087,0.026220052,0.8399289,0.08930562
0.8216667,0.027269643,0.82385105,0.08694386
0.81884426,0.026750248,0.831752,0.08743127
0.8056372,0.026659615,0.84597343,0.09009543
0.83195275,0.027842384,0.82028186,0.08538172
0.83750427,0.02671448,0.82714695,0.08591546
0.8264519,0.027829934,0.82662123,0.088202104
0.8222256,0.02676189,0.8333025,0.08800402
0.82681507,0.02847742,0.8212463,0.08577798
0.8247159,0.026282553,0.8354766,0.08693115
0.82812506,0.029248998,0.8158434,0.085703306
0.80571544,0.024452697,0.8567696,0.09027027
0.81741285,0.028755367,0.82567936,0.08773838
0.7999441,0.0254906,0.8534308,0.0901058
0.8081058,0.025495932,0.84874487,0.089956
0.819171,0.028015224,0.8243282,0.08618303
0.8337833,0.027330482,0.8292898,0.08729232
0.8254167,0.028132705,0.81989944,0.085113615
0.8243154,0.02644554,0.83115864,0.08685195
0.8444501,0.02972587,0.8084061,0.084593266
0.81488764,0.026908815,0.842711,0.0897405
0.8130396,0.028057616,0.8314922,0.088123284
0.8136614,0.026075644,0.83836645,0.08705609
0.81651294,0.02748577,0.8331306,0.08792821
0.7914497,0.025530018,0.8535255,0.088946395
0.8281944,0.028390158,0.8145851,0.08434151
0.8081687,0.025774792,0.847253,0.08920449
0.8177083,0.027858572,0.82978034,0.087984495
0.8178421,0.027466431,0.832008,0.08886983
0.8306365,0.026107576,0.8255521,0.08348351
0.81508327,0.0262536,0.84285146,0.09012462
0.8276579,0.027754845,0.82805383,0.087671965
0.8103954,0.028348628,0.8303101,0.08749433
0.82351214,0.028744124,0.824501,0.086091496
0.8114532,0.026643539,0.8408976,0.088632375
0.83119464,0.027390677,0.8253113,0.08676974
0.81422615,0.028191268,0.827624,0.08826667
0.8121732,0.029491806,0.825181,0.089143984
0.82457894,0.028679237,0.82588315,0.087170675
0.82562107,0.02710632,0.8225705,0.08572503
0.8303867,0.028446151,0.8162171,0.08490071
0.8146531,0.026764117,0.84157175,0.08955623
0.82633394,0.027107386,0.826487,0.08534092
0.8085718,0.027918395,0.8383294,0.08993869
0.82615227,0.029440844,0.8082717,0.08310193
0.8157092,0.027674891,0.832221,0.08753184
0.8120359,0.028502742,0.830608,0.08862921
0.82209337,0.029073058,0.82119524,0.08842405
0.8216718,0.027267173,0.82558835,0.08444518
0.81587815,0.0271946,0.8343491,0.087393634
0.8291118,0.028288128,0.8187546,0.085316114
0.8087809,0.027592221,0.83242536,0.08781085
0.8091163,0.026374286,0.8374775,0.08735907
0.8063727,0.02656861,0.8414002,0.08843268
0.8127409,0.027616143,0.8354142,0.08946496
0.81078476,0.024842562,0.85295564,0.08954142
0.80941683,0.025635703,0.8439558,0.088322625
0.8097998,0.024479436,0.85067075,0.08878107
0.82968277,0.026433373,0.83116704,0.086835735
0.81999886,0.02500075,0.84462994,0.08826412
0.8158631,0.027716149,0.8307142,0.08689006
0.81751037,0.02525628,0.84380853,0.08737159
0.81175315,0.024983017,0.84903204,0.08979942
0.8286169,0.027552469,0.8203712,0.08414765
0.8237794,0.030311424,0.80780786,0.08468359
0.8193217,0.02958153,0.81671077,0.08586091
0.82262653,0.02722709,0.8275632,0.08625841
0.81918645,0.026181746,0.8337642,0.086267866
0.83124554,0.029577194,0.8149715,0.08623819
0.81729645,0.025642512,0.84230703,0.088440835
0.83300954,0.029710984,0.81305796,0.08427237
0.8313448,0.026894575,0.8298931,0.08786827
0.8207999,0.028783694,0.8224912,0.088043585
0.8162835,0.027791271,0.8284502,0.08779481
0.8315437,0.028524421,0.8145767,0.08539113
0.83388466,0.028718986,0.8136749,0.084983036
0.8075289,0.024912944,0.84960103,0.08936457
0.81185913,0.026723055,0.83823794,0.088448934
0.826343,0.027600912,0.82695794,0.087167494
0.8139207,0.028585305,0.8312425,0.08828395
0.8047917,0.02505559,0.8565036,0.09097873
0.8083194,0.027597662,0.8375669,0.08903651
0.8243744,0.028573763,0.8217795,0.08690497
0.8041506,0.025014337,0.849616,0.08834379
0.8029757,0.026399199,0.8475638,0.08883695
0.8021075,0.025929615,0.8448139,0.08853176
0.840724,0.030506123,0.7991131,0.08281117
0.8141341,0.026692076,0.8310155,0.086088456
0.84474516,0.026284901,0.8152314,0.082754225
0.8031728,0.024952473,0.85550076,0.09120571
0.82730883,0.029869506,0.8063205,0.08422083
0.82194424,0.026041573,0.8318317,0.08572528
0.83438164,0.029129723,0.81198204,0.08396007
0.8281099,0.031432465,0.8030531,0.08517931
0.8296765,0.026688926,0.82446027,0.08481062
0.807785,0.025514824,0.84585005,0.089487806
0.8015324,0.025122045,0.8534852,0.089376844
0.8166057,0.027729988,0.8318958,0.087671176
0.80204266,0.025709802,0.8484282,0.08923876
0.8235997,0.02563791,0.83780336,0.087069504
0.8061707,0.026021335,0.844888,0.088764906
0.82364553,0.026126225,0.83221936,0.08629171
0.8072679,0.02632226,0.8481387,0.090665124
0.80467814,0.02704482,0.8356187,0.086561896
0.80923444,0.026366213,0.8434477,0.08867213
0.81058353,0.028844038,0.8274382,0.0883964
0.8227029,0.027809015,0.8245543,0.08628132
0.8225914,0.026069602,0.8315316,0.08621276
0.8340737,0.027386466,0.82539487,0.08665353
0.81569815,0.026389722,0.8351959,0.08798082
0.8266316,0.026668916,0.83046514,0.08690423
0.8084438,0.025534779,0.84527284,0.089658506
0.82262427,0.026529118,0.8288095,0.0855411
0.81706446,0.024672942,0.8477492,0.087952234
0.8200667,0.028070156,0.8301149,0.088236645
0.8094988,0.024934538,0.84155816,0.08639843
0.7961529,0.025326487,0.85987574,0.09301566
0.8197879,0.025776967,0.83924377,0.08617522
0.8071416,0.02436269,0.84762937,0.08680669
0.81801254,0.02820733,0.8290341,0.08707525
0.8218716,0.029642006,0.8232672,0.08799502
0.81096613,0.026742633,0.84200275,0.089342654
0.8219226,0.027321275,0.8319297,0.08719194
0.8226361,0.026649142,0.8306685,0.08662077
0.8253445,0.027841615,0.82626563,0.08789579
0.8125127,0.027376732,0.8352696,0.08752827
0.8125796,0.025473388,0.84282017,0.08732025
0.82507306,0.025355699,0.8403044,0.08813341
0.81978106,0.026298178,0.83417743,0.087357864
0.8101391,0.027573992,0.83196175,0.08737782
0.81461596,0.026217377,0.8380314,0.088199124
0.8025201,0.025842287,0.84511936,0.08908418
0.82335186,0.028464895,0.81814927,0.08495797
0.8096333,0.027467493,0.8339722,0.088034205
0.8075754,0.029679585,0.8233645,0.08728458
0.8133144,0.026906421,0.8359603,0.08742985
0.81457466,0.026619893,0.84028214,0.08986061
0.82260287,0.027946658,0.82979083,0.08771677
0.81195533,0.026063114,0.8387013,0.08899915
0.8135351,0.027096098,0.83707315,0.088776655
0.82921827,0.02865149,0.8165126,0.08640339
0.82568353,0.028507276,0.818036,0.0859878
0.7986885,0.025704587,0.84995794,0.09013591
0.8242772,0.03007982,0.8165633,0.08715798
0.83659893,0.03024752,0.8059417,0.08437492
0.8038937,0.026684435,0.84142214,0.088871635
0.82156605,0.02707772,0.8311139,0.086919874
0.8142597,0.026756454,0.834803,0.087640494
0.8318605,0.02644825,0.8311891,0.08617442
0.823636,0.023646228,0.8484604,0.08934569
0.8347136,0.03092559,0.808363,0.08594423
0.81785166,0.028481657,0.829639,0.089136355
0.813998,0.027944606,0.83247375,0.088566996
0.8098591,0.02702018,0.8347974,0.08758754
0.81425935,0.028116178,0.8277704,0.08669352
0.8197383,0.029225416,0.81653446,0.08486966
0.8135928,0.028739568,0.8285785,0.08692267
0.812491,0.026517244,0.83687055,0.08820953
0.79739213,0.02729246,0.8459399,0.09011017
0.81778026,0.026643729,0.84139705,0.08876472
0.820453,0.027798852,0.8271843,0.08643937
0.8358118,0.02765517,0.822436,0.08507505
0.8111173,0.027679946,0.8394444,0.08981752
0.82562494,0.026451144,0.8281691,0.08678784
0.8227335,0.028282834,0.8290008,0.08836441
0.8295367,0.027203407,0.8226316,0.08626573
0.80708396,0.027988326,0.84132844,0.091070786
0.82504714,0.027716756,0.82019216,0.08556417
0.81558585,0.02675109,0.8386876,0.08786523
0.82453805,0.028420933,0.8216136,0.08578757
0.8265488,0.028299535,0.819448,0.08512853
0.81130415,0.026247272,0.84279895,0.088391066
0.80979645,0.027408114,0.8367229,0.088747345
0.8240233,0.027050812,0.83103406,0.087135434
0.8300916,0.02946335,0.806096,0.083036214
0.81194246,0.027544666,0.83459336,0.08811165
0.8104437,0.026248593,0.8459772,0.08966117
0.81447923,0.028576018,0.8254836,0.08791838
0.828975,0.02741495,0.8233028,0.08633797
0.82669896,0.029439133,0.8161954,0.08623145
0.81082606,0.026581878,0.83771205,0.087601975
0.808917,0.026963936,0.83762646,0.08921662
0.81024057,0.026757564,0.83451617,0.08682487
0.8136284,0.025478575,0.84760004,0.08934052
0.81597537,0.026921539,0.8354327,0.08799093
0.81515306,0.029649597,0.8240427,0.088363186
0.8145488,0.027840592,0.8282473,0.086783394
0.82281905,0.02837722,0.8259668,0.08683278
0.8338334,0.026414052,0.8250323,0.08436943
0.81258565,0.027948737,0.83151644,0.08726747
0.8189061,0.02929682,0.8197622,0.085687265
0.8211489,0.026083965,0.8357572,0.0871366
0.8189151,0.028451523,0.8242312,0.0867542
0.82959896,0.028310014,0.81533575,0.08405473
0.8318745,0.026816083,0.8276983,0.085970744
0.8335158,0.028656114,0.8179329,0.08704883
0.8124764,0.025675645,0.84332955,0.088879116
0.8193551,0.026152574,0.83703154,0.08808957
0.81397516,0.026853269,0.8367607,0.08832347
0.82459986,0.028229188,0.8199953,0.08528329
0.8201263,0.026606955,0.8385828,0.0886305
0.8052622,0.0277277,0.8401897,0.08992135
0.8175523,0.026325718,0.8380081,0.08800153
0.8294224,0.03073448,0.8054969,0.08525164
0.82009494,0.027091086,0.82978153,0.08532822
0.8233229,0.028371077,0.82664394,0.087994814
0.8147148,0.025985798,0.84154135,0.0887201
0.8014113,0.023917537,0.86490434,0.09198363
0.80914223,0.02735339,0.83213145,0.086359486
0.8275738,0.026179206,0.8309578,0.08620298
0.8100533,0.028319033,0.8297217,0.08732148
0.8219283,0.026476888,0.8353893,0.08874284
0.8322753,0.028268885,0.81073636,0.0817488
0.82239956,0.027630178,0.82589424,0.08667217
0.82985824,0.029720018,0.8133249,0.08588849
0.82745886,0.027696574,0.8214756,0.08497645
0.81708777,0.025332049,0.8424089,0.08896243
0.81006557,0.02666526,0.83934,0.088356234
0.81257266,0.02852155,0.83199084,0.08902596
0.8231717,0.028017296,0.8255862,0.085933715
0.8254031,0.028580746,0.82247645,0.087151416
0.8130934,0.027390672,0.8339761,0.08826928
0.81736344,0.026700847,0.83617604,0.08848498
0.81624764,0.02716781,0.84193826,0.0915281
0.8255867,0.026601614,0.82970417,0.08570306
0.8158434,0.027519263,0.8335238,0.08869706
0.82678086,0.027943254,0.8215146,0.08550825
0.81508696,0.02544506,0.8405921,0.08763871
0.80662894,0.025398584,0.8454991,0.086554214
0.804095,0.026689569,0.834091,0.08622759
0.8266003,0.029072136,0.817161,0.08642043
0.8301598,0.027933296,0.82636654,0.08808298
0.8074862,0.026786365,0.83748895,0.08794741
0.8053845,0.028936848,0.83147573,0.08848268
0.815551,0.025892748,0.8417273,0.08788979
0.8126482,0.025658406,0.84495044,0.08871665
0.8288703,0.028584896,0.8193289,0.08535408
0.81063145,0.024870392,0.8520656,0.08969808
0.8277923,0.028000848,0.82497126,0.08635127
0.8151088,0.027309611,0.8329998,0.08769549
0.8069463,0.02611463,0.8447803,0.08919909
0.8331182,0.027596215,0.81916565,0.08399271
0.8199796,0.025926005,0.8393723,0.08802684
0.8099673,0.029298663,0.8190278,0.086254045
0.8321807,0.027077932,0.8251625,0.08563219
0.8130188,0.026792087,0.83911663,0.08831491
0.81707394,0.026559832,0.8370668,0.087872125
0.8306964,0.029313058,0.81675225,0.08664323
0.8403279,0.028214466,0.80838114,0.08212403
0.8188634,0.029762017,0.8184068,0.0860115
0.81419396,0.028593587,0.8286128,0.088419184
0.8245407,0.027690751,0.82572544,0.08651693
0.8210753,0.02889757,0.8167589,0.08465143
0.8123713,0.02664721,0.8404344,0.08812385
0.8335185,0.026498517,0.82825714,0.08546506
0.8107874,0.026104918,0.84729993,0.09116133
0.82605106,0.025819285,0.83996314,0.08798437
0.84625936,0.031536754,0.7952887,0.08255798
0.82599753,0.027905138,0.8234657,0.086756065
0.81652665,0.026365856,0.83506566,0.087375425
0.8093484,0.026361972,0.8432784,0.090300694
0.8146365,0.026486112,0.83361906,0.08715405
0.8121503,0.024370754,0.8448528,0.08621172
0.79797196,0.024437224,0.8666932,0.09239573
0.8266066,0.027316567,0.82925063,0.08704324
0.81402904,0.026541747,0.84089804,0.08927036
0.81368196,0.025406748,0.8434374,0.0877945
0.816223,0.027688473,0.8239999,0.08472792
0.81200755,0.028187457,0.83196026,0.08862714
0.8268126,0.027974617,0.8197379,0.083863884
0.8158773,0.027331067,0.8312207,0.08862352
0.8104349,0.02577124,0.84412616,0.0902139
0.8267448,0.028554054,0.81925994,0.08639538
0.81704104,0.027074445,0.8354111,0.088748105
0.82264155,0.027154114,0.8317977,0.0877403
0.8125268,0.025306182,0.84595215,0.08734031
0.8099348,0.027573932,0.8337529,0.08848152
0.81057024,0.028431525,0.8290247,0.087363176
0.8047785,0.02471871,0.85502344,0.09030638
0.8211734,0.026622552,0.83434784,0.08615981
0.82574224,0.027666606,0.82415766,0.08738238
0.8230207,0.02690192,0.8338676,0.08622255
0.8135999,0.02818948,0.82584065,0.08733285
0.8163576,0.028109957,0.82582164,0.08776819
0.81950706,0.02677385,0.8315015,0.08647076
0.80533594,0.02663388,0.84594756,0.08969419
0.8114179,0.025486918,0.84682035,0.08887536
0.8213017,0.028704856,0.82045436,0.0853438
0.82069546,0.026829002,0.8384576,0.089212894
0.8200572,0.026512103,0.8322875,0.086516336
0.8348479,0.030336982,0.8065817,0.085732736
0.82063544,0.028475743,0.8249422,0.08700849
0.82055885,0.028550113,0.82419276,0.086417384
0.8222051,0.028170696,0.81937206,0.084497355
0.8177555,0.027082438,0.8352453,0.088691056
0.82336926,0.025970116,0.83364856,0.085091986
0.81984186,0.027195016,0.82791334,0.08483754
0.8292623,0.027488856,0.8181223,0.08365418
0.82192,0.029334283,0.8201494,0.08696952
0.81309295,0.026091192,0.8362212,0.08581748
0.8231702,0.02726131,0.8275257,0.08645017
0.83031744,0.027578535,0.8257298,0.08708125
0.81167644,0.02721301,0.8327306,0.08649268
0.82768357,0.026493754,0.8280998,0.08630189
0.81784606,0.027814126,0.8327689,0.08805032
0.8166682,0.026225548,0.8385318,0.08816344
0.8176228,0.026083529,0.8386507,0.0872968
0.79476273,0.02580014,0.8496558,0.088537924
0.814371,0.024167981,0.8472824,0.08695685
0.8194384,0.030809725,0.8110166,0.085890226
0.82179844,0.028932204,0.816563,0.08506225
0.80404544,0.02562903,0.85160345,0.09063005
0.8159485,0.026902111,0.8416635,0.088690996
0.81332326,0.025855605,0.84143496,0.08853092
0.8164349,0.028612196,0.82694966,0.08757666
0.8160717,0.024721274,0.848703,0.0885575
0.8113907,0.02535527,0.8523584,0.09022649
0.81815094,0.027830286,0.83415085,0.08773118
0.8153914,0.027470596,0.8328184,0.08858723
0.8348181,0.026992623,0.8227391,0.08476463
0.8157911,0.025490746,0.8372273,0.08596007
0.83328754,0.027691366,0.8157086,0.08507264
0.8150264,0.028899493,0.82588035,0.08837298
0.8189638,0.027097514,0.82891846,0.086494125
0.8226065,0.02863086,0.82999474,0.08967674
0.829662,0.027078759,0.8276085,0.086174764
0.7959882,0.025082335,0.8562659,0.09094824
0.8142633,0.027807826,0.8279915,0.08834747
0.8160399,0.027398974,0.83110464,0.087074585
0.824685,0.026701555,0.8315222,0.08618506
0.81730336,0.025176272,0.84265536,0.0869195
0.81180596,0.025130484,0.85593766,0.091949515
0.8246596,0.030363798,0.81266195,0.08620339
0.822635,0.02722476,0.82787156,0.08667587
0.80670005,0.027297907,0.8399291,0.088529564
0.8132814,0.027524853,0.8326434,0.08719556
0.81219476,0.026569048,0.841462,0.08966599
0.8324213,0.028268352,0.8210636,0.08711307
0.81874096,0.025947116,0.8372818,0.08770425
0.8270777,0.029205397,0.8145443,0.0861715
0.80276334,0.026278831,0.8461701,0.088842206
0.81842554,0.027335754,0.83205026,0.08723417
0.81604964,0.02926689,0.82487804,0.08746876
0.81766725,0.026906164,0.82841825,0.08531589
0.8300423,0.027099943,0.82282436,0.08454278
0.8003165,0.025055086,0.851736,0.08859929
0.79809386,0.025916643,0.8493167,0.08887636
0.8077624,0.027209343,0.8405454,0.0893787
0.80827755,0.026621155,0.84321976,0.08914739
0.8180997,0.026095528,0.83994865,0.08870218
0.8161713,0.026520759,0.84095705,0.08894373
0.81499046,0.026057398,0.84231395,0.09033969
0.8224826,0.026223341,0.83560866,0.08884708
0.8217845,0.028697083,0.8234779,0.0871569
0.8170466,0.027120613,0.83512515,0.0882463
0.8290059,0.027621413,0.82219875,0.0863276
0.8044844,0.025896586,0.849001,0.09070378
0.8098965,0.027719168,0.8278045,0.08511459
0.8228002,0.026917746,0.830757,0.0861489
0.80390966,0.02567267,0.85385275,0.09058749
0.82714576,0.028850008,0.8179138,0.08560544
0.822644,0.027774466,0.8264531,0.08700899
0.8058561,0.025283,0.8521434,0.09079619
0.83048046,0.028825924,0.8101486,0.08311542
0.82757246,0.02748712,0.8295491,0.08878618
0.812419,0.026560549,0.83532715,0.087865554
0.83581316,0.026223721,0.8316487,0.08642538
0.83662426,0.029350052,0.81172,0.08395665
0.8169934,0.026267268,0.83577603,0.08548965
0.82647127,0.027722465,0.8224948,0.08548634
0.8341079,0.029586114,0.8125187,0.08574095
0.8193484,0.026831439,0.83678883,0.08929201
0.8226244,0.029689543,0.8156347,0.08623663
0.80720425,0.025710966,0.8390025,0.085774645
0.8220543,0.025126345,0.84346175,0.089073576
0.81526905,0.026272891,0.838742,0.08879236
0.8232082,0.02811918,0.8300041,0.08914872
0.8138747,0.029000472,0.8235999,0.08656767
0.8179481,0.027278312,0.8341464,0.088055365
0.8098324,0.027287444,0.8370071,0.08815922
0.8351741,0.028301073,0.8133428,0.0846293
0.80095536,0.027037747,0.83812404,0.08737609
0.8140545,0.025901021,0.84229904,0.08826456
0.81782883,0.027945746,0.82853717,0.087189406
0.81258994,0.025186215,0.8458865,0.08754059
0.8087303,0.02491814,0.8500133,0.090195194
0.80305123,0.025263097,0.8483916,0.08897389
0.8231583,0.030133935,0.81349033,0.08536222
0.8160353,0.025610564,0.8397186,0.08729853
0.83990103,0.027029937,0.8270722,0.08835485
0.81123877,0.024057236,0.8505281,0.088172525
0.82614577,0.028162664,0.83160913,0.090857275
0.8215081,0.02596528,0.8374655,0.087601535
0.82143104,0.025970042,0.83556247,0.08738773
0.8204108,0.025734665,0.83584845,0.08700905
0.8086262,0.02614364,0.84824014,0.090733625
0.8273238,0.02715337,0.8289784,0.08726319
0.8224043,0.026841087,0.8314657,0.08669009
0.82621694,0.026608719,0.8339032,0.088601254
0.8137199,0.02577508,0.8475525,0.090404026
0.80841804,0.025443416,0.8577632,0.09222452
0.81213,0.026368251,0.83777696,0.08667182
0.8307259,0.02769173,0.8246672,0.087446466
0.82039285,0.025789784,0.8348025,0.08637853
0.8231251,0.027103497,0.8290757,0.08642453
0.82497925,0.027798137,0.8225342,0.08562053
0.8053833,0.026561998,0.8434433,0.08860464
0.8354798,0.026439115,0.82668126,0.08608207
0.8215578,0.026863623,0.8334328,0.08686499
0.80270797,0.026278185,0.84839046,0.08959731
0.8276771,0.028862027,0.819256,0.08602549
0.81328243,0.026606074,0.84129447,0.08907199
0.8305867,0.026684664,0.8263073,0.08617532
0.82411504,0.024337031,0.8480896,0.0897695
0.8026105,0.027526757,0.84035325,0.08944323
0.8327284,0.030181382,0.8085713,0.084497094
0.8331691,0.026637288,0.82617503,0.08572985
0.83007,0.03114435,0.8043587,0.08458881
0.829934,0.030190315,0.8141648,0.08587407
0.80531424,0.026529308,0.8427034,0.08900505
0.81657505,0.026306162,0.83926785,0.08786794
0.8326732,0.02654724,0.82934934,0.087180674
0.8255439,0.027256032,0.82220644,0.08412675
0.81107277,0.027697222,0.8328851,0.088016845
0.81708366,0.025105573,0.8414004,0.08730308
0.80930674,0.027544023,0.83347803,0.087479286
0.8250053,0.027800541,0.8299083,0.08850399
0.80050594,0.026995236,0.8385622,0.087405466
0.8301932,0.030333553,0.8138231,0.086619966
0.8212957,0.028742453,0.8218994,0.08558624
0.8078137,0.026757699,0.8404836,0.08894801
0.8009521,0.027118143,0.8445744,0.0912553
0.81452787,0.028837245,0.82175666,0.08725142
0.80774987,0.02671557,0.8379041,0.08768926
0.79547995,0.025594467,0.8521756,0.09022268
0.82873154,0.028782405,0.81778973,0.086453326
0.8025402,0.024588134,0.8540199,0.089366235
0.81018645,0.026604557,0.8436948,0.08973785
0.82372344,0.026494784,0.8330482,0.0885
0.82866234,0.027989354,0.81810975,0.08550906
0.82438445,0.025931785,0.83688855,0.087249584
0.8307336,0.028184453,0.81630874,0.08474204
0.8329581,0.028829271,0.81478626,0.084912956
0.83090085,0.028841997,0.82536215,0.088458925
0.8073638,0.023777947,0.8579001,0.0911408
0.82136387,0.026779532,0.8359392,0.08813127
0.8207834,0.029882299,0.8156304,0.08502466
0.80823356,0.027966188,0.83599097,0.089851506
0.8297592,0.030798942,0.80685866,0.08479904
0.81991524,0.027060494,0.83291346,0.08687738
0.79651225,0.025783045,0.8507208,0.08983904
0.80687183,0.025000231,0.8479611,0.08848614
0.8143802,0.027922781,0.83023345,0.08851237
0.80845845,0.027430804,0.8351693,0.087668896
0.7983381,0.025599051,0.8517657,0.09042763
0.795167,0.026481818,0.85017323,0.0895373
0.8331559,0.027188137,0.82757384,0.08687015
0.8061134,0.027085641,0.8367702,0.087091096
0.8185345,0.027863488,0.8299008,0.088370755
0.8061903,0.026953215,0.8374922,0.08766457
0.80229354,0.024507163,0.8517984,0.088360764
0.81682795,0.026579324,0.83386856,0.08716606
0.8093162,0.02563192,0.84804475,0.089397155
0.8238461,0.028371455,0.81886375,0.08564301
0.8129926,0.025714302,0.84127486,0.088148944
0.81920284,0.027141836,0.83152246,0.08719612
0.83425826,0.0288085,0.8111036,0.085162275
0.8322164,0.029657785,0.8136086,0.08516869
0.8293295,0.030234693,0.8095138,0.085692085
0.8225846,0.027204355,0.8348184,0.08924344
0.80441695,0.028827263,0.83212507,0.087552294
0.8392458,0.027475752,0.82013977,0.086394824
0.81932443,0.030753134,0.81497675,0.087172195
0.821173,0.026406879,0.8314276,0.086104244
0.8150163,0.026352903,0.8387606,0.08819227
0.8279638,0.025360396,0.84023273,0.088857524
0.80269134,0.024844363,0.8573845,0.09009177
0.81381327,0.026830755,0.8439051,0.090612374
0.8149878,0.025732849,0.84637165,0.089232296
0.8261971,0.029811017,0.8119688,0.08584259
0.8193564,0.02757664,0.8308475,0.088104315
0.8345715,0.025457524,0.8336731,0.085806206
0.8090119,0.024404781,0.8592641,0.09145636
0.81480706,0.026336396,0.8395408,0.08765067
0.81730425,0.027038064,0.82610774,0.08619308
0.8213497,0.025925696,0.8407979,0.08860193
0.8410648,0.031181283,0.80319464,0.08432443
0.8067631,0.025901021,0.8446331,0.08869284
0.80903924,0.026717646,0.83925605,0.088753946
0.80518055,0.027121086,0.84716487,0.09111981
0.814861,0.028195174,0.8321767,0.08823647
0.81987995,0.027033107,0.83208734,0.086060524
0.816578,0.02689103,0.83485794,0.08679643
0.82404876,0.02749962,0.8241598,0.08622419
0.8053902,0.026111236,0.84513706,0.089613736
0.81859976,0.029571777,0.82063866,0.08720493
0.80384624,0.028568184,0.83140576,0.09035042
0.79919225,0.026052522,0.85424286,0.0903194
0.8214297,0.02647392,0.8332757,0.08604061
0.81366765,0.025628401,0.8462656,0.0899156
0.81669664,0.025610259,0.8396021,0.08851011
0.8054452,0.026182689,0.84567046,0.08934403
0.8280027,0.028873611,0.8191499,0.08538756
0.810812,0.029972488,0.82190835,0.087546036
0.80550975,0.028335115,0.8276018,0.08688857
0.8122173,0.02645013,0.8383423,0.08782982
0.81675416,0.026570871,0.83581805,0.087940305
0.82988054,0.026347112,0.8258094,0.08558953
0.809341,0.027403763,0.83325714,0.08646188
0.82801783,0.030901497,0.80744785,0.08592814
0.8275806,0.026359137,0.82998943,0.08786754
0.8208276,0.027770452,0.8231188,0.08522692
0.83575225,0.030138757,0.808828,0.08513099
0.8260486,0.02850684,0.82640874,0.08767538
0.8045413,0.026745306,0.8474287,0.091714606
0.8217638,0.025729677,0.8382221,0.08775894
0.84315604,0.027843513,0.81202894,0.08368117
0.83740646,0.030794237,0.80484384,0.084376834
0.81868064,0.025833841,0.84328413,0.08761306
0.80580497,0.027131898,0.83729506,0.08820494
0.8130301,0.026566172,0.8342324,0.08708686
0.8245373,0.028579902,0.8206347,0.087004155
0.811447,0.024826167,0.849289,0.0881778
0.8167869,0.027002845,0.8305361,0.08633311
0.824511,0.028253712,0.8259016,0.08765675
0.84097075,0.028139353,0.8124536,0.08357245
0.8171235,0.026003176,0.8393565,0.087716274
0.82992816,0.02899588,0.8150821,0.08561484
0.8135365,0.025661068,0.843319,0.088605076
0.82201374,0.027947431,0.8290905,0.08768248
0.81117564,0.024591517,0.8473644,0.08827235
0.8219959,0.026897544,0.8337031,0.08774932
0.83015,0.028428338,0.8214432,0.08613537
0.81505793,0.028360926,0.8319569,0.08842264
0.82942533,0.027284028,0.8246429,0.08672293
0.8165159,0.025789784,0.8469898,0.090336785
0.80093324,0.026101688,0.8439245,0.08845317
0.8157992,0.025157498,0.84081924,0.08649771
0.8068659,0.027728071,0.83068895,0.087085985
0.8198738,0.025589794,0.84422415,0.0893084
0.8180106,0.02675574,0.83486426,0.088435985
0.81577575,0.02785802,0.8305278,0.086995155
0.8020029,0.027674556,0.83723485,0.08860381
0.8062925,0.024905669,0.85384995,0.08927168
0.8211583,0.028218463,0.82295877,0.086251624
0.8275462,0.02733606,0.82318324,0.08490627
0.822576,0.027987693,0.82693213,0.08700484
0.8220478,0.025668105,0.839945,0.08766409
0.81775635,0.026876193,0.83264464,0.08687075
0.8165542,0.027782995,0.8349523,0.08894782
0.8112395,0.028076889,0.82753366,0.08663847
0.8090762,0.026443351,0.83915573,0.08814434
0.81587404,0.026246747,0.83582693,0.087063104
0.82163495,0.02648701,0.8315386,0.08539074
0.8172201,0.026574288,0.83461547,0.0872969
0.81182545,0.027034963,0.83766687,0.08948696
0.8149527,0.026643774,0.8351069,0.08732761
0.8217896,0.025957352,0.8403236,0.087417364
0.8235689,0.027371231,0.83528197,0.08906218
0.81621206,0.025590802,0.8457584,0.088832125
0.82391334,0.028959878,0.81798685,0.08509976
0.82155406,0.029362867,0.8176976,0.08595677
0.8119548,0.028751938,0.8269498,0.08783704
0.80932814,0.026302323,0.84321684,0.08986588
0.8319974,0.02726261,0.8184196,0.08288832
0.82098705,0.026149657,0.83437884,0.08680113
0.8249677,0.025425497,0.8327797,0.085487045
0.8327027,0.027448853,0.8232513,0.08571005
0.8156944,0.026506789,0.8400882,0.08931718
0.7992064,0.027254902,0.8378057,0.0890959
0.8149013,0.027603453,0.8291736,0.0864512
0.81671435,0.026415173,0.83164275,0.086514585
0.8298426,0.027033461,0.82608396,0.08512249
0.8236561,0.026972055,0.826827,0.08637165
0.8342654,0.028568435,0.8145921,0.08513438
0.8231644,0.027702875,0.82916856,0.08720853
0.81315196,0.027462935,0.83102685,0.087121725
0.816424,0.025428886,0.845131,0.08926811
0.831743,0.027334372,0.8229543,0.084679894
0.8107006,0.025091546,0.8489703,0.09014111
0.8201746,0.026127988,0.83896464,0.08713828
0.8093844,0.027344313,0.83961546,0.09044853
0.8275668,0.027156522,0.830364,0.08692462
0.82080144,0.027398685,0.83130217,0.08831913
0.810365,0.02419096,0.8509845,0.08793817
0.8265836,0.027586583,0.81981313,0.08424589
0.81344193,0.029145243,0.8215478,0.08534488
0.821202,0.026555432,0.8327425,0.0857339
0.83100873,0.025894044,0.83237684,0.08594949
0.80279267,0.023586832,0.8644802,0.09146331
0.8184026,0.02883272,0.81794137,0.085772686
0.8041623,0.027605506,0.8399575,0.090230726
0.8221514,0.02826034,0.82316494,0.08564072
0.80215,0.026523555,0.84631205,0.08933956
0.8151186,0.026081564,0.8411629,0.088971145
0.824145,0.026405508,0.83190054,0.08685816
0.82044435,0.0298089,0.8222382,0.08811539
0.8080504,0.027435984,0.8359518,0.08905583
0.8150796,0.025963949,0.8397212,0.087591134
0.818507,0.026695533,0.83435893,0.0880159
0.81072277,0.024556926,0.85271406,0.088290095
0.81551385,0.02560341,0.84527487,0.08810891
0.80853736,0.027420381,0.83762836,0.08827185
0.81351167,0.026652586,0.83796585,0.08809709
0.81696784,0.025796149,0.8430131,0.08872843
0.81971216,0.027334502,0.828107,0.08604635
0.8262573,0.028286023,0.817707,0.08545544
0.8307472,0.027711457,0.8214616,0.08574412
0.81985605,0.0280099,0.8244812,0.08666587
0.81725264,0.026922213,0.83193415,0.08654732
0.8124102,0.026651181,0.839705,0.08820181
0.8166827,0.026292555,0.8421703,0.08937282
0.81023186,0.027592378,0.8394135,0.090186425
0.8197427,0.02925312,0.8180303,0.084665135
0.8037173,0.027192708,0.8395464,0.08832462
0.8237895,0.028477643,0.8236665,0.08699569
0.82916325,0.027006611,0.825634,0.08518191
0.8196607,0.027672958,0.83036613,0.08804505
0.8314719,0.027342206,0.819436,0.084398195
0.8149543,0.02637747,0.84558254,0.090680964
0.82333386,0.02741946,0.8236556,0.08590561
0.81187457,0.026340924,0.8406788,0.08876372
0.81224084,0.026084164,0.83707607,0.0874634
0.8108485,0.025727725,0.8440424,0.08786798
0.8113928,0.027043981,0.8370029,0.08747677
0.8291979,0.029156286,0.81333554,0.083502285
0.8192941,0.027578987,0.82519245,0.08600951
0.8130533,0.026868535,0.83669025,0.0876715
0.8285266,0.02965077,0.8138522,0.08494027
0.80759114,0.026213601,0.8454523,0.08976577
0.8062081,0.0240002,0.85274327,0.08846102
0.82234406,0.026564317,0.8306431,0.08714589
0.82610327,0.026940076,0.822239,0.08402752
0.8231011,0.030096147,0.81194884,0.08617315
0.8194369,0.026638165,0.8381782,0.088247776
0.8131232,0.02770061,0.8339489,0.08858736
0.8168357,0.026881088,0.83260757,0.08823494
0.8062657,0.025097355,0.85362804,0.09112487
0.8309548,0.027579408,0.8252682,0.08646845
0.8275357,0.028627256,0.819728,0.08720117
0.81690663,0.029012166,0.82055783,0.08677131
0.8415523,0.030138224,0.8064603,0.08463498
0.8193306,0.028088331,0.82783383,0.08706074
0.8255925,0.027415054,0.82506144,0.08506012
0.825675,0.028755784,0.8273492,0.08846481
0.8196672,0.025496861,0.83875126,0.08740457
0.81675094,0.02700273,0.8338496,0.08818102
0.8229797,0.0282949,0.8236697,0.08614338
0.81510216,0.025872137,0.8417839,0.08860854
0.8308672,0.027751999,0.82340837,0.08626297
0.81396395,0.029334836,0.8276818,0.08910625
0.8146301,0.028844932,0.8219286,0.08587145
0.80390686,0.027999846,0.8377274,0.088788
0.82298124,0.02635827,0.834331,0.08770991
0.7991477,0.024227457,0.86261755,0.09146183
0.82811666,0.027927855,0.8219449,0.08570835
0.81913674,0.025694262,0.84037083,0.08779561
0.81674415,0.026747417,0.8367765,0.08896627
0.83110607,0.028302308,0.8237859,0.08656678
0.8319678,0.027933955,0.819948,0.08659416
0.81967664,0.028118866,0.8262392,0.08702801
0.8114294,0.027766004,0.8323743,0.08862097
0.8217267,0.028827373,0.8221138,0.086534575
0.82103693,0.028559146,0.8190311,0.08435762
0.8288576,0.0284499,0.8190997,0.08525125
0.83795893,0.02955203,0.80980504,0.085886665
0.8205253,0.028159777,0.8234618,0.08471568
